761.7619074311057 951.7296287504429 
817.4020405327591 417.17746557621547 
-694.0037810717055 -26.297792796335706 
381.2537915435628 -399.9250235873824 
3.2359322711146277 150.33203762980517 
-497.76937164116 -393.8764812993456 
-3.1458834104287625 -44.74292112436529 
-537.1337085801129 -92.58654828450253 
965.7537749115097 -217.74975119980388 
408.9697550331328 -919.2911489627243 
-8.233845718648158 679.4737268511594 
-566.3844486646217 762.4260537360863 
114.58740907135301 590.1252843051776 
-376.59010821536197 539.2160649822997 
-280.840773513636 174.6208065819559 
545.519876060689 27.62563955321373 
-16.930755442117864 -146.6986150342693 
680.9218330486848 555.7878346443977 
419.1281050259461 -719.5196365188656 
137.38390697055246 94.5200929255252 
-740.1552339834572 288.8343689405073 
-121.37334543483847 633.9106048773253 
144.60699691963663 -958.816866334192 
-418.06626355381746 687.0157228379561 
510.76184826392756 -540.5686840979762 
39.69479575886381 293.52473371545784 
-27.465334880512504 -373.71077779341323 
-271.6456889201333 -668.2666557559112 
-566.0693330854469 454.2620554450847 
885.1523610812302 490.89363242018135 
-436.0971219370875 685.2888639304065 
-615.7095268476091 -168.11964335889962 
687.5003295153856 -19.61906229088295 
359.16551051787724 -214.21268303827935 
256.82618585681485 215.7235468007932 
65.21062057246829 -166.18792071782806 
-630.7254305624858 -870.7958145289479 
-324.8838473017204 569.3755753625544 
-452.413727367847 -136.3957347633673 
373.69553488193907 793.9994227359692 
278.58054179377433 398.06705488948603 
165.14335171941474 -120.7423778202743 
-7.241513190354931 797.5567735060533 
837.8157569533975 -575.113570047636 
924.2575254331277 879.665047193182 
465.12016915266895 703.8426321190497 
-449.5834767568405 -312.2117370594679 
-909.3803415739301 -929.556496153399 
-362.0156431283124 -41.24153781917106 
518.7904540814927 -45.11747300093827 
-862.7548911057048 -837.1915704912229 
-531.5165631189831 868.8341622688051 
-438.2911338338848 -580.8841634897683 
570.8862595910891 -318.1783002668437 
642.660077003262 681.4859352725653 
761.1036267086424 559.3388262762313 
-891.1220328110235 -826.0184521593408 
-80.28576584481262 757.1065615686639 
-584.1860718411195 -537.172307003884 
712.8059993694402 139.49605605912407 
974.7065543473326 -529.8613463729799 
623.1387722329267 -678.1022668022165 
-85.13286685216114 317.1685179981618 
649.5774039310169 -947.8823530189884 
417.63457437883324 752.7816435423358 
311.91037170488454 346.31688869466416 
554.1387564941526 -259.1722506640488 
920.6630221330568 768.3651738728507 
230.08085268738142 -978.4909774979791 
591.2579279426859 -390.61084623975194 
-909.8198146189018 804.7284108340411 
26.99130710918185 887.2302688435287 
-555.6975538933884 623.7435154880817 
-199.68988669236265 809.6322190704251 
676.2225660060906 198.10879929940884 
-177.56971107911434 959.6654509305698 
140.451490608394 -733.7797579722809 
633.7334795166569 194.0186099565695 
-276.217191211823 805.2540044357672 
-50.24049058954372 907.0575920294883 
0.06723695649446526 -743.0210223799601 
-968.0255399712785 -457.0307621025607 
483.02935319486704 235.16546454110255 
748.2755814453888 911.6473146450477 
590.7302122897298 549.4348145062444 
653.2406936052339 344.74772073020074 
-636.9321213275472 441.22652467692916 
-44.1696597236374 -915.0828382031384 
-264.92238960426226 552.4001859229559 
662.7374561996194 435.76670364003166 
-955.3375545439791 -586.6411262531437 
-866.7487789504476 57.932744894241715 
-390.91348792748914 488.55655397284846 
-73.8141684859428 -868.3283883611892 
812.7426573609799 -558.272885964691 
810.6914380748724 -774.0674713542179 
800.2829281805901 770.1309367243474 
158.37738058251017 -618.098531374015 
-265.53829625226786 515.429505937846 
341.5155114483861 -481.4760513753105 
174.1408674402103 -868.1030444675138 
925.6479356882943 -79.20060156042297 
-421.7678778552942 271.31058715851754 
-190.82485405349826 332.156007648577 
72.01860774165225 -960.9046980370194 
-236.79485532364518 -74.47240432541524 
-348.96078213927194 432.58949618378017 
-16.4474329246167 59.82880150848291 
497.2555274131827 -480.0304790619585 
-508.18376591221903 989.2757763883316 
183.232873785383 -444.9564904851522 
286.87939158184906 757.4876587226378 
-912.3523774433509 -535.6442581724381 
868.8635643012188 -804.4572241431202 
931.0745758923946 967.9986586133693 
-397.75002148261575 -740.7197902507947 
933.2785558890828 130.89696460042677 
-748.4341864280337 371.12161040573733 
-24.805116117977644 208.92664832448094 
-963.5430281886423 964.7237695364377 
195.6450398884344 739.4384603691775 
879.4049260068198 53.789355675086135 
163.17196858802774 -867.3161301114047 
-737.3600749136426 235.08693777753754 
620.8125945744707 732.4478639679884 
635.4439373869878 252.12225516127785 
945.3906312430105 435.3041798464592 
56.93102128569505 295.8681244115644 
-98.78727607068782 377.22152063396754 
