-426.08082021341966 834.7193203973242 
357.5418183112424 363.7136739319924 
549.4865020124047 288.41483863595994 
-373.4400258889492 669.077587001465 
-759.0990130594865 842.1489516485512 
173.1554734520344 847.9436210318258 
-441.9277065522602 -637.437500583923 
79.30537020822447 554.7309499262038 
731.9686712127777 -649.5527685820532 
-503.42919513729646 111.61700029137612 
270.4599747896028 -610.3962685016782 
976.0110213969069 804.4929221016858 
368.53280107370347 -584.9206157980524 
793.7407446378488 332.8294598335908 
-593.6476135198266 -492.5111404246205 
115.49966953154068 594.1857120661256 
-942.4338605062361 188.09775459767897 
-828.9970237241979 -761.5271127766115 
555.1667232656677 -886.7435562037942 
797.2843536538834 -810.6403362087041 
254.13938415514315 466.12564703123695 
618.3532814522761 -338.7405478753147 
978.1069470745514 -270.68547091098696 
565.4439387065809 -651.2557343931413 
-848.8208253251215 119.24192175467763 
-465.2217670598684 -610.8514547158759 
753.0546567084053 472.73748041669637 
-430.7330403080556 -626.8823845566234 
728.5235807935975 -950.3453803960489 
313.20475050106467 -762.2492836149784 
-863.2699513438569 853.0860218519123 
-685.0821110064338 610.5530736877743 
947.3476614411194 444.36017547829067 
-343.0330084392081 911.1529669034553 
511.1091538011696 27.830480432192275 
604.5848512792069 735.7939436924577 
-274.18639858461603 -378.0629651028202 
652.1859873449587 524.9048421556972 
-921.7931458907389 356.42526974873465 
-961.6518971785475 912.9401155479575 
535.9126003167391 -888.6256700827105 
-711.8338178846761 -59.40789468939145 
196.30250063481557 139.8907317452882 
350.3209062391699 -113.28550530838166 
56.599415249045435 946.7498805673624 
-252.55274227266722 -189.14412569024708 
-817.5156396474353 -639.7470831885532 
-555.684254601531 -328.67382364140883 
-545.5381006210605 543.949485405836 
214.54415152044137 -977.7792508504068 
-440.2646858158938 -505.1055607664721 
-650.883379417833 143.54130407433584 
865.0864522629984 -704.0581874915466 
352.64309897195136 709.1020160338395 
-593.6516745591169 87.35768370176334 
-837.0186574744198 29.858847483252624 
-830.1581085931163 824.1678219095179 
559.7343920207762 711.7158940424531 
577.761836234186 361.2248003124465 
403.14573309478254 -463.15355068909645 
-447.7591327761319 482.2097371480305 
-5.0594462688187125 -770.1024357125965 
19.022720390283965 -385.7702122101019 
-310.8539557743999 191.0346250628745 
414.5553224954468 136.1546101060511 
-164.18520821123317 -806.3711529990336 
-152.237279926585 735.8759764479801 
574.8484825911147 577.6402416505198 
242.56246093520662 -944.0089962269476 
-502.68894752236173 761.8170068524812 
-632.2172943896685 -690.2273803586074 
-704.1288957550161 -77.7315208403857 
2.622127223627757 851.1600757535775 
711.0163161149305 -499.3012738127309 
-293.66496881339145 -533.5193721525649 
-559.4945634944266 307.6673314885865 
395.88526382669363 362.6704680865227 
-384.65441262222424 -857.5574834247346 
-939.7109205700414 -502.95095411036095 
16.642717778318826 579.424755296369 
-76.63519521774288 -835.0594008673444 
676.6678384678211 -25.955434468155403 
-326.53741565982085 -752.6252234404432 
-772.2947926656816 412.4703328196395 
899.440504301696 790.7625770276762 
405.9579308336003 -93.00121337996048 
-575.8010021046041 -412.2339218500797 
-947.4034701139162 745.7075302048519 
-52.03550508712662 -442.7194034426347 
-664.7229906194159 33.0070519249277 
-523.6997271823061 -873.2796201828037 
-512.1919809886764 735.1520908615188 
-548.5428970941408 -854.133292887951 
-771.1010161090887 -939.8757421577789 
162.1219650041328 -387.0197307654137 
-236.73902484579745 -661.8248004699569 
-527.9880943441924 -518.2715491014411 
443.1195285706531 -202.97364104774562 
-592.6931814347955 -961.0167065417086 
-808.0557412951581 399.70738076938807 
-350.9408001847658 -487.1663165512496 
802.5621331048451 -869.555026649063 
124.95374179608487 134.7907014108396 
-529.361890999779 590.4342125999509 
-76.76907123342636 345.11112100060546 
76.92932452478286 -145.5129672332125 
-9.51581531478607 406.1787387877893 
891.4926218540593 84.39617597761506 
-262.1086294179451 750.9732692127714 
-86.6525289088198 402.4792600816465 
-680.6309466412362 -63.15860542690821 
-87.98829997920188 -71.51002907132286 
559.6295186784998 338.9600920829954 
-908.8350338599142 -933.1167343287436 
803.3327373458412 727.6208723083035 
945.9383993307417 185.55310189522055 
-758.7490306586442 -606.3476904694951 
-290.3105196725968 -802.5025988581693 
522.045834188616 -979.9061180374578 
623.9510972338642 -492.23816138978435 
-567.1028017890562 -876.3941022647408 
-674.7457668506883 -232.54272541456265 
768.1929576437851 223.74453742695243 
-508.38571441101135 -185.58101119825386 
-354.3623587287641 -116.52172982407704 
-279.76490089942206 61.007302282452656 
678.39160905282 237.42505304542584 
451.00086317979816 -345.0543048512207 
710.1752567173858 429.13842490831746 
-297.81514898487484 -457.81913927994646 
-996.9591171941104 706.7481110953015 
867.4373470747612 646.8737942313741 
-284.26403962559243 102.2276360436567 
403.75583215745013 131.4404880631468 
863.1910935810859 725.7296685685961 
-65.9957830515352 -399.0536814477137 
973.3075732663099 269.13771578297974 
971.3356575192844 100.23934604856221 
-437.3943905033271 -455.5573252417564 
-708.1119283001518 -232.9428119723247 
-400.1449959312704 853.5855222706112 
26.38469052989656 780.2505241433613 
-684.5811550417811 -279.55251217342305 
359.0187279976955 896.8054929300955 
-179.25375395282873 -751.8685203860191 
208.58159534012887 77.20870028959558 
898.6624635347799 -51.323114981451035 
622.7409142129732 916.5627633451654 
-926.7443314956158 -533.187601096264 
258.0123590451051 718.0346033342888 
-779.9535783273133 -644.747634005516 
612.5325565032156 -256.75463507792153 
127.09975448152866 338.63229374812386 
-774.2877352439825 381.33024016227046 
-817.0692581568835 -730.4305522459096 
-695.8979281755863 -144.01150173689348 
134.06561081527536 906.8149002610224 
-956.8680757216968 553.551488100098 
75.31989448675569 -580.1465347933432 
-535.0397680515755 888.2262113022499 
529.8326040022312 236.9300917306183 
-147.9369100062138 -731.5891486172266 
726.2928122785577 -99.35889980167501 
-666.6345626241506 -518.279191527287 
687.5277872714936 355.6852645133033 
-273.34287795668644 263.76780173119994 
688.252405450114 -172.4981101090204 
-547.8855545571469 -761.5199690722403 
142.10480345554123 -22.20414550571781 
233.18931570892266 190.25803391228146 
-195.09930913324536 -379.8590848952597 
-430.35563240465626 -54.907727771601685 
42.487560241643905 -974.4304614908799 
328.7768038716967 -80.58953313722795 
-434.51488339857167 214.25039191876306 
691.635382609465 723.6642268426828 
688.5623240011358 -979.1117306981185 
-169.81891132191907 -703.5338775332465 
635.8442088383514 635.0524507314585 
595.3970214550308 -268.83175281524774 
192.86754623277625 -520.0465303278638 
-640.4094345121274 142.70574993073672 
-81.07815180040801 812.7261842798752 
322.0138869344349 -904.0840922548643 
211.0811349573487 -94.13778454021005 
-463.0228964682657 -841.4839903554782 
-218.63561937055454 825.5734464755519 
-948.4804652628756 -161.52019504518256 
480.1879571964707 250.40418484128924 
-797.5218859833939 836.673252765981 
118.12777077395876 656.5557505399586 
-75.1787317724364 420.23769458318293 
-66.53860738079831 -653.6628876311081 
617.3375481537411 -245.37213093366228 
169.79657961774342 624.3874597307783 
-272.53992014981907 -869.9305230508622 
525.8360310231702 507.47733936429927 
284.7834401564369 141.34147028508815 
705.5685116900379 67.67023439315611 
924.8635229535766 911.0530219412399 
629.4862143822062 537.8528433767705 
-120.57910555188367 -245.7754544373183 
710.0707211577309 -468.0641707466775 
-335.1537002423808 -249.28544059611934 
537.3228096143155 860.7549419606133 
688.9421557468888 -215.85823020849304 
184.0416001241918 -260.23634463329336 
361.5214766305972 501.4449943268602 
237.57396397992682 885.7760602488953 
-172.7056205699542 862.3701921325908 
-838.3350475043245 -508.9805050159406 
-380.49736999816395 77.76082670314955 
904.4272151731756 -224.6428865583392 
-570.6741139035994 -784.6883911061067 
255.4865286953123 846.8085282012447 
-448.24299737364436 577.2783384042357 
378.0144114796993 961.4777761662436 
-974.1939988099464 493.3190080207366 
67.29708861475925 -70.21733652094665 
-178.23471652971912 121.95865285731622 
884.4753811878603 -858.822403323751 
11.995332986406204 519.5711023185696 
-709.3756369639377 -691.6827841157067 
-972.9947348546561 -915.1107449308915 
11.65151186879232 100.27089366684461 
701.2797964084835 -111.19890308178526 
-409.28515229807937 -919.6355766710265 
793.5662017129795 -85.3075044387146 
-981.0948909000679 568.8227023474661 
-548.6342560209547 -976.6736103991993 
-838.7898264103057 -433.29786834820317 
186.2377256455221 -72.75865616078758 
169.03019988093138 666.0592437951174 
102.20630709351397 -619.4014999749469 
-967.9427385760357 434.3294429460014 
819.539637107549 993.3248940611978 
431.94267291397347 -357.6549020324957 
532.8983854804037 -391.263685823739 
168.27480109865346 774.4525742883983 
-442.9177508162625 -217.99657771288315 
68.13906165960071 -47.95512382585754 
754.3484902910145 498.21587407285017 
-142.63119441855144 -974.7462752784528 
-365.242588776608 -699.9972711540252 
296.1886270424077 381.7246843467366 
-746.5325060768253 -101.85244505647285 
-137.8677860544688 -555.2440487064025 
-182.1696302452316 500.9188941694922 
-988.8695750024461 210.99193351137635 
-583.3689381078049 530.1619740393504 
688.7997008521736 958.0860985463571 
-848.8416465440396 -482.3619207022021 
33.399497475465225 -279.62850597199696 
457.79498904204274 868.4784479618033 
156.61600280368026 -886.2351923184513 
-909.5763834440061 423.65645533063037 
-300.47348809034304 955.9861482828464 
32.971242246714326 196.70920027347606 
