-890.7030066797936 -29.08699709241369 
-625.9642093054656 -26.644299547811112 
-239.19213419028517 372.2874441983084 
463.3345443435619 -381.78035084652475 
-371.7325253894712 969.0028749903692 
-67.8096175380325 -901.1085612944298 
232.8180682002714 76.03129012959297 
-151.67034670819723 -604.7065831516618 
-977.3442768225696 -828.5206462999574 
-15.9123855438974 516.2014879013517 
-490.81258133109793 -370.1022680067387 
728.9507024135809 -410.25184197959044 
641.8898395991371 143.5251955122341 
543.1057503261545 -392.5909830193175 
-789.2248820791774 -760.768919027395 
977.5597194302375 -569.8443040164691 
-887.6673927561933 791.5439261640447 
352.54630369080917 571.722889597325 
465.80264639785264 -538.2040474781786 
170.13586955515493 -581.6199782852174 
-630.5024321909341 151.72170956048015 
-634.2821752311298 -975.9878410296988 
699.660864516305 -125.43505084091433 
-198.17161345883983 -417.9307185496668 
940.0356509731309 945.7274174556371 
43.44946692900131 -963.5264834404134 
483.3478130505009 183.51658786190274 
-76.18199017324945 -942.8660011512286 
91.13791280687211 -694.4011900798401 
-973.1549519532017 -838.9235680571894 
-171.72708964575568 558.9673464643274 
-105.35203445973585 995.1045754581837 
592.4671440142408 -271.9308650780723 
202.11133065475707 620.4212321675178 
-675.6347961171474 241.7549154818668 
266.4258025626298 734.019011719475 
-548.8590499212145 897.1215307510123 
-784.2713049698262 629.1913871070302 
582.6797680640221 -536.2201914299507 
747.6954321871796 36.917864251250876 
-281.5994373316448 626.9141911927918 
-977.9737925564416 609.3898878171491 
-715.7129183560311 880.6334063522016 
325.4453286456076 865.6427821314003 
-620.2701787017544 -96.20237713649038 
228.68211546705396 241.1804617491966 
-334.5272212640895 8.212318015004882 
-235.36099873318284 -696.7149926089548 
430.8901425686884 -77.79420982281127 
-384.5623274273031 -354.8511104899594 
-510.8098737910869 532.0864699817274 
661.2308853592101 -354.14864701691175 
-93.16884592732366 17.231321997194016 
590.4685078675535 -238.95842804531898 
344.6703294982185 930.8678494869156 
-308.93636551916813 -784.5884382228517 
828.3629516784443 246.859953733086 
870.3769343398791 -722.1149991507345 
276.1391336112438 202.96186230041457 
370.3106234754403 -190.42282808212184 
-912.391362983725 -460.3075898406353 
-388.55224785118867 472.91453421698645 
-526.3431101628802 -465.4985502539557 
462.3788436823106 -335.0145346765914 
912.7005069394816 -200.77301151157621 
536.7848330464868 -408.51147904559946 
875.5953831957139 -391.6726516116602 
-344.6082257978431 528.7915041284754 
-924.2213067959 426.53765572864177 
-412.54101419402934 624.1333129077857 
-742.0713068015834 -557.687552847266 
-872.4982115169726 229.97182855404574 
662.9539496819024 -655.9407446850983 
-488.2092269291798 340.52427113601726 
-100.73361501101164 693.5042726235295 
-248.9265886794072 -828.1274278722419 
197.53252148917034 998.96732048919 
-395.23345578139435 36.22198732725024 
348.10702270941454 -455.8473950977755 
-780.4026107320117 -784.6068024706611 
231.07995517852964 -275.2373647011606 
597.6708659763606 -402.64327775019206 
184.23701259891968 47.72381188649888 
-87.40843020076517 326.63043417528127 
579.816013142696 -806.6941378300334 
597.6263796028178 -237.50058480531732 
142.2096450737358 33.0245817758108 
-882.5285329408994 -242.22396199551 
288.2262741105375 -879.9405773800684 
-489.31807722619027 472.2543555795342 
-288.51107317945156 -601.6024915624619 
-261.22488128536816 -30.700927871779804 
90.33777781506336 955.284591371647 
-920.7359699098861 -581.9936389407778 
-728.650227735244 -916.3893700725496 
-883.656248934009 -648.6988268902254 
-604.8992478350779 -977.433103075245 
-167.93292409209838 783.6000098605836 
-912.4733466483615 231.25119814458594 
-432.2016874651551 471.1035940476245 
211.54303618510005 -66.90988127982345 
48.45361728035047 682.6260419145442 
-857.6019004568918 617.9114756482247 
-981.3411226737314 -84.89147191557622 
-810.7000124828023 -402.7652406598539 
-514.450512723654 845.8981713621265 
-914.4736589105122 229.81109879446328 
-64.04452086310508 -881.4761263108013 
850.6530289487728 -685.4390753952582 
773.4459789244505 31.364758084133193 
791.1441661824985 18.120954420236313 
-632.9392992252008 178.29148938177997 
-630.0927714813757 722.842251559179 
287.8406097286768 335.60271485359937 
-744.0060624615044 -609.4022684113582 
947.2766216786304 697.043665004224 
793.5627404052383 965.383558157687 
-3.8263796179935916 -875.3038121916011 
-105.78506431431967 -2.254115219986863 
-894.710471501512 405.5211428642471 
-628.1663872459711 -649.0387224546037 
-429.3949177413625 540.9318275296245 
423.16875528725564 -888.2953468309112 
-586.9962702297371 -471.3206274792321 
45.75897170908383 -222.3679528299316 
-195.21645178215263 574.6864936027887 
-923.7855559408865 -713.2731973651827 
-157.89725529402676 -448.77039244264074 
185.55051559213064 -75.23925257656016 
563.6163842044019 16.268447841850666 
516.9840132927293 -898.1659512090176 
-582.6771782973403 -9.890009188946669 
467.4044531722876 -610.6488679047408 
-482.271270550235 -617.7341713057518 
225.99105540526665 65.72960370441238 
405.0569318157522 -707.3071619065176 
115.01845972818869 221.2545689569898 
691.553182919159 -573.9982194670197 
629.9550002292118 894.8014989587723 
180.39740382125902 694.8368286959184 
101.40385663217 -849.4434167923608 
-117.62625824416429 544.2762763319753 
-547.3263146365961 313.25283740830656 
-248.0686500791396 168.46285202555734 
-218.7280726119427 -678.0514195827574 
-892.9913852677904 514.2229369089295 
-514.1348424518859 616.8510978820136 
403.62872858574696 -847.286111842249 
26.200847675084795 610.0963079004806 
-938.3733199058033 -690.0015420762052 
335.2468596944247 -311.25701143456496 
-234.84246508585426 353.1615465160256 
-86.63437219246939 -119.9053391736502 
-140.94770735610385 974.731971889597 
387.9562414982813 -20.52508555961907 
-784.6241505498066 392.6145786679365 
995.8093315199687 -867.6872656240557 
-137.95981363640885 -914.1366216548929 
71.93206054644685 586.221679528782 
884.8601327397866 227.32007590333558 
530.8891103194283 -509.66049324095894 
-331.3458527093649 686.2845766058605 
-704.638311209475 548.1677244704042 
450.091190976468 -343.979342464483 
835.0663687652402 110.85732596839759 
228.38241672375094 -679.2713254602694 
153.80510964821158 -689.351131804453 
-378.1497854678257 897.1370757125186 
7.088985713102236 -658.9489604909431 
-799.0120189086298 -177.1966462243313 
134.1683131575817 -611.9867726238466 
229.91863354227692 693.6935219929694 
741.4429823527175 875.448237560875 
-79.31120238090172 319.0542509311132 
327.10064400710183 -148.46978072927587 
-340.70063486851797 797.6617485734265 
-84.14953900805133 -676.3116322031461 
-667.095395904658 23.28464503429828 
-574.523698686302 -768.5449290663149 
899.0465277430116 286.5571972115726 
-695.3918610579204 -989.9249688292326 
696.0676680049564 975.561831652598 
-199.06177239743639 -426.48488765766547 
960.6126831849836 775.0864119286347 
-885.0360948292935 446.8545992044375 
-341.6043996486948 -461.8932583055386 
-621.933529311959 331.2548752244637 
-483.75575739585395 -340.58047630901945 
236.4078236444629 613.3205651221314 
57.96925010714582 192.44405080652194 
-899.5161407001642 484.88703870198304 
-940.0248901977277 -929.9240533237864 
-103.55577357829304 121.9807774888979 
-921.7536649284657 494.1309250554369 
37.67335716407638 -135.86303097200437 
921.1295021166279 896.3027991999506 
344.9487072574951 95.01605139497738 
884.4440697007699 599.6884784724958 
431.2469553597771 769.8709896773137 
-433.3419997192587 881.2377086380711 
116.315871329423 -879.3650654086836 
208.47026297505232 319.53160764052654 
728.9784104744392 -551.1940045932635 
-92.86832667364986 889.6918153918418 
-328.9240178178219 -653.7922375155633 
-841.9658447009541 -719.5974665378642 
-185.41380522746098 -472.7777844924419 
968.8156777805235 -625.9804351026954 
841.2436004439281 885.5792950432304 
-646.7121520419402 -955.0757306285562 
988.1114167123151 -762.8146985899235 
559.2362551407147 -943.7014517897593 
720.5035109506443 567.6594666378456 
-764.115157048197 476.6442050361357 
221.4115176388336 -855.8734059721658 
705.473386121104 -27.230252852751047 
224.81144041923608 507.6084035627 
840.4127283947331 -970.105130337106 
407.5617845987225 -734.8092159177073 
-792.2521381844803 651.1015862685558 
-966.9608433998562 710.3292082359031 
-478.4613591498683 981.9742569986023 
534.7096986614674 -105.76460096086038 
611.1885663135637 194.7403401104595 
-910.1875559393034 155.29185232293295 
507.9356151964616 -752.6739686209107 
940.3383130875108 -586.0725529716071 
762.1033671049578 -395.92916333290094 
818.2815222739108 881.302473726121 
455.0112179751036 -749.9948255019475 
569.2391504332633 503.5694450362305 
-161.20096976419896 -544.1623314514492 
-592.0964834494995 -731.0112286384621 
919.9292755270696 -920.8760400662899 
-125.01502791354868 407.96379393020874 
827.0622816944586 939.2526747738523 
-408.3021586280478 805.9374262127643 
-734.5353332522889 -207.99695150673037 
-299.77967750044 79.30276004109538 
-605.7225711307522 608.1322433181684 
-212.32239545821963 315.9655668765491 
592.6143276538489 -918.7459196133374 
-794.9810413297324 309.8483884684158 
944.6653890019945 724.3596581017944 
-265.49626775368074 -310.1145015692943 
-945.8501311514169 -281.6125750444027 
631.6560781693302 -441.20535655835755 
454.9578390167126 -153.4609252968202 
-805.6893062348911 96.41593576730511 
-521.0396905027596 800.5140265092369 
903.4597707564595 -742.9706746868801 
247.64324219784294 880.0141194023065 
838.9407800463517 54.0177946777034 
-507.89669253438063 -328.58429541117994 
281.11120527630186 812.758945383471 
-368.10025845000524 -995.646196680747 
858.0942247256303 -521.0233100428496 
838.4356593872604 -134.63544834336383 
664.2760212089925 -25.42987084286219 
-255.58518871212988 802.004071894096 
544.5360481844306 -351.34728155291 
-490.36670111654644 452.40912305555224 
58.02250477909965 477.25835707071917 
-936.7166292573971 -467.59771780770353 
34.19571953465805 824.2587966384975 
949.6638566811406 179.00448415231972 
-258.8575956723629 -828.7878568489373 
-875.6389619466378 -873.7135664773115 
461.3002343345418 808.7302009332873 
441.4348398917873 -75.81592514416057 
-178.26274652059814 855.9255095573903 
202.51845617124565 -503.654501798525 
-121.70500099670045 -961.2376370322758 
-945.2322796470112 564.3424548787299 
-780.2563133300986 -51.9491629728619 
-43.912742295235454 -414.50427397061753 
972.3066457247935 183.06169090592084 
-494.4746506992728 6.832627891468768 
-77.31494163041663 -353.6843068969748 
-868.8516370172034 231.97161183981586 
20.390348421873927 26.48689949397709 
-365.2702967157679 112.28190216338496 
801.0421072595813 283.9327302925265 
220.92161021756263 -547.6098566905985 
-639.2645012577917 -632.3445826187899 
810.8331506979791 652.2112864442317 
-312.50269219987746 365.8104161426008 
750.3212129273686 -535.9043408331931 
-703.7499781941308 -257.3922372073605 
955.1739665525894 -557.6261638937287 
77.894859400641 -843.047228952333 
138.06877046467682 770.4070945114296 
428.8239337701127 670.3577314848252 
756.3222760292159 -293.34195554674227 
220.9466779594744 311.4774401957678 
-318.8211634444451 985.4233707878694 
961.922663006143 -109.0724482421499 
98.91503614461894 -754.5254942434632 
118.08850169622276 76.14269968711507 
738.224612929012 -913.8518333216462 
785.6834277220544 -15.661318040929073 
-692.8065719403019 -926.5257636737585 
912.0683251139473 115.55149057801862 
-899.8326285350913 669.3407957926545 
-251.87369270424952 -839.4045334862279 
-68.93172009872961 -345.39468180060726 
-575.0773495243542 641.601510041739 
42.79743077458775 -735.7698843075386 
547.982431328016 628.8341602759147 
-807.4015484445587 246.1499014706394 
612.6800018008289 -343.46751353734726 
-305.530718852713 -16.116988362279592 
-445.4000691346751 -713.49614794517 
174.76076588374934 350.47085686033563 
802.6529096550179 523.5688782484698 
599.1162606085063 270.39002046376726 
-947.2681362914012 53.818339977036004 
671.1029797892245 -144.8165199798024 
-589.4814102011951 -756.3282317875786 
970.9600883556693 488.4993788189218 
475.6767217224629 -143.80732098680315 
-482.07095430118807 61.39700719662966 
-463.1342468875963 -995.8244465379609 
998.6892727310009 482.99317307186794 
370.7245022207317 281.09807980863025 
228.61808273537144 -787.5449808420267 
-562.4559573953649 -124.09619454916987 
-420.9734743635347 -5.32767229323472 
-354.2711211229177 -145.62959108721606 
-794.6863022712291 -84.54248653237096 
866.1530993119435 354.1311789775561 
573.1163892892846 986.4685682919126 
-72.29121942780515 -638.4478804554743 
-258.74876628824126 -339.8995775032951 
245.81725067061134 -77.50387270342807 
-771.8301051424256 516.6654706859659 
-661.3340803004553 815.0189820911662 
769.2139776132443 -986.6586548662286 
356.3719351081187 722.0601163479428 
991.5961179880896 523.5986482283472 
285.25696141140577 -479.2614102068462 
957.9635620157967 -311.4325943611296 
912.3263447744258 260.7322651583699 
729.9011630807364 157.46829183225674 
606.8313936653162 -584.6791131413307 
495.66640078829494 577.6651829504293 
478.1330731095499 883.4905613323767 
-628.8400632325996 -876.8189673016893 
518.8477083189056 160.34119588135053 
-37.4802298351804 19.55285525515493 
6.657609211663029 -988.5177890633423 
524.6532798808992 -515.4198531291225 
273.2451001758482 3.621454590354123 
626.1605971923474 -681.0401690628776 
-403.04341161722255 541.879309393158 
422.11909613575995 -524.3565115445497 
-879.852207175323 609.818475896955 
-516.8645902136524 -212.19646248485847 
46.868415635543 -699.3001246961641 
-755.7724267341488 513.9407121785971 
489.6422127609332 -72.08191986797097 
427.1165713831957 104.74307035039199 
-770.7294159744848 987.4332019575647 
312.68856609470697 818.7888312575855 
604.3551161523302 204.89669728342764 
993.6347218176669 935.0266944932026 
228.55013079031085 -366.90449815139027 
-922.6605488307871 -455.75911504892554 
-331.3641097849038 224.61285504745376 
551.7339481622143 500.9687819625919 
-155.96227365725747 -29.88725426336636 
-270.62827618423535 -761.1184621997777 
124.69465741586406 416.6453286172003 
953.2640014084836 470.6030037510951 
538.551639538774 -918.0330129088459 
-44.51157356075286 50.342224484594354 
-404.0780296899185 -767.8077530130428 
-175.91305458087027 610.5158969950344 
-730.7549092770485 -246.4955696185751 
923.891019876105 673.0239206063316 
-318.391084835423 -680.6217405237343 
661.4812041584677 114.81824280930586 
141.45099107700432 -634.4170566355418 
-506.21655282810616 -85.2860541402165 
932.6315334890014 702.5686639269893 
800.020476896574 -648.0583017830184 
-82.28263619280041 785.9835171048031 
-921.2475439821854 -133.4624243221616 
661.943916962368 -330.28027116614413 
963.730082461665 321.74399454327494 
-216.4660193590078 960.1218644413823 
-437.3216824043966 -233.8526780810115 
-342.9518788199113 611.8582405385154 
-511.7706817026306 -815.6124082028598 
-172.9220133407028 277.77256661631577 
830.1780892095039 -920.0219820873552 
-463.1339476325338 -515.2584983464969 
-388.8065431265315 -778.9789425808367 
-801.2815144488994 -730.046503932691 
-966.5323817325182 -601.4671950304951 
912.404053190288 -485.2249778805484 
-425.0705656543599 -32.63779854123716 
720.3533285902182 636.525607050608 
195.70882435842307 380.1695556422295 
-724.3367350634129 152.35630296995905 
104.47504796341778 -22.995301602373175 
832.6759579580356 -227.5305900789275 
19.131705892121875 830.8275643620773 
-237.5406113519536 689.0854221324167 
-409.44764154029076 -293.566776916522 
-959.9045856581791 390.3613523749905 
776.6201343726729 371.06068494592193 
-830.1412883614992 110.2934619286724 
-120.36376146169991 932.208777404232 
915.3695243502829 198.38683454185912 
649.7256073627395 -359.5149199772414 
799.5963265118202 -737.3633662393646 
145.04856443897629 -324.43296156039247 
-42.391683028773826 599.7774750387404 
-558.9091528666903 324.37526586069464 
-454.08703827980014 959.6925384272572 
-95.18614325444963 -726.7024628939838 
6.660537764477503 998.0107960417852 
-856.8152416489673 248.85613059597932 
16.636372398075807 -164.4747164504785 
233.17178762729475 -953.6545243454424 
-948.3749903256282 -241.12877535842213 
141.9862109704093 -420.9219158197386 
896.483664801285 -157.325012880575 
-313.5675899315646 787.1166377034913 
766.1687054820839 -37.5635531387144 
672.5781945630982 386.7085488038615 
-123.4768786117122 709.0945195452831 
-153.1583726030914 987.1040613036466 
-894.6948206459138 253.4892317665267 
991.2847223370201 -379.5149669167357 
-710.9803624299964 804.6193912003845 
-942.0071100591085 -286.2598691776097 
-961.7258972306851 -581.7066585516721 
-805.9456949005985 840.1526256976595 
-217.67586223771485 -263.90318841734774 
-575.1421878844196 507.14511677620976 
855.2270502983532 -969.5033379464992 
798.7178187408264 -628.7431525972085 
-953.5818990267888 -802.0949671866396 
-132.25900145191116 191.72008519852835 
-893.3494920681178 -684.9168837707502 
527.4402502954341 -633.790157177323 
-849.7897063261017 232.1928637631483 
492.5635511540085 891.6187626530918 
-599.623281634775 99.07572475102322 
619.2326247188453 -459.6678216372534 
698.3244381153231 -22.60252906389826 
-192.92942021769787 622.2638603910111 
418.4956818083574 359.50767190798217 
674.3325141197249 -663.5945958964164 
-725.3268293071111 349.0066053562741 
-145.87255870788397 180.76436778069714 
92.38987705998936 216.96115517509872 
268.06395425023277 481.9347362427027 
-291.51286976758684 168.85611467881878 
177.04028863246023 443.77140211969436 
293.09062513559047 -988.5268343049698 
-21.147230368954382 579.0855729946927 
-324.9960916968877 740.5334927716165 
73.00137224361958 -983.2483625006437 
166.4871716268217 876.963220809132 
-696.3122518873124 624.5150272231652 
123.16011282508654 862.3801659106638 
17.417557482369173 -895.2607291404963 
-319.49158523810615 -453.49995375542653 
-335.34056125840283 165.87143965437812 
-870.0936644618105 -635.4264662976108 
930.1079359088849 828.8601120602992 
-533.2474514566286 -904.2333785262089 
-868.4363721212842 -563.7850581095037 
250.64404160632049 -500.7431589864433 
-267.85729661719324 -681.029230221768 
331.30914087888686 -126.57968314840518 
686.4622709336456 318.76138356703865 
-230.7306040203121 525.8896689682953 
-346.80562893524126 248.39605307245427 
349.4883431221629 278.11677539592836 
-338.36670096807285 723.1413712463848 
373.0210070915332 -995.2849926863028 
370.42699847336877 578.4879167708182 
-989.8397810263782 -746.5265561365763 
-435.4651097502882 -935.2640991329569 
361.416489781021 -546.0858246442324 
-799.8028327648099 -840.5475174821437 
30.344066365143085 62.263263140920785 
-419.37495246557586 930.7248114702213 
-779.113449035405 -785.5361407594814 
-453.40455022509474 384.87486526808243 
173.5969298556672 576.5981346654818 
-445.3441625745762 -123.42275180576534 
891.0660430789563 -10.885657727236708 
666.5913438193758 444.6021065872776 
-856.116610296849 637.2016333726256 
-649.9166712782371 214.3417227292883 
-559.372233978896 292.0031468707387 
242.5478857006471 117.50776084521087 
42.439980910057294 378.4121490328598 
-174.3518865633813 733.744892114778 
782.1227148531074 -833.0181576326374 
386.2158683899335 87.00637636627629 
-985.8173035642754 -955.0888616450919 
-804.7008560223414 -54.47762685119262 
871.7612764662858 27.671911262798552 
733.3724359705982 620.6189294344128 
524.4818043922235 669.9563267696902 
289.0797927184845 -533.0880707487562 
392.0694409229468 84.65010810915707 
