0 28 146 1 15 108 59 134 72 50 44 98 46 56 45 86 101 25 109 30 114 9 115 118 18 78 63 168 46 6 33 2 54 92 72 24 18 27 146 11 49 44 53 78 5 27 167 211 128 46 102 103 68 53 25 38 126 38 190 38 8 121 68 185 27 75 55 10 7 115 164 72 30 81 44 17 60 9 21 29 37 13 13 2 17 29 98 176 17 33 138 119 90 33 143 128 18 115 84 38 159 71 120 21 178 23 44 24 66 122 63 18 23 98 10 29 31 13 2 9 36 69 50 140 11 10 53 33 83 
14 0 140 73 82 118 49 52 14 71 7 15 50 87 20 26 8 10 23 34 68 32 52 46 17 75 107 29 68 5 63 67 28 2 36 44 86 24 5 55 3 8 77 39 22 12 68 54 80 9 159 93 72 33 30 7 23 31 106 5 54 84 19 120 22 3 27 10 147 79 8 1 22 49 8 47 111 8 11 33 70 151 6 12 14 15 83 37 8 3 108 2 93 121 84 19 13 100 17 78 116 34 80 51 28 3 64 68 67 129 102 38 20 37 1 129 24 14 57 77 55 9 34 112 36 16 11 38 63 
117 15 0 55 8 40 41 6 148 96 1 54 96 39 37 53 65 129 56 38 25 70 7 42 102 59 36 40 43 31 57 0 47 86 8 5 82 5 21 29 5 42 35 117 176 37 35 83 8 75 66 70 31 115 62 107 8 17 8 127 23 8 33 15 117 102 46 179 75 2 82 84 2 88 7 78 87 95 80 58 91 45 1 71 113 16 25 20 23 137 42 14 22 43 70 40 96 94 57 0 46 107 33 56 91 40 8 13 113 60 76 31 25 46 158 16 71 7 12 86 62 71 29 11 7 1 59 65 26 
109 43 92 0 27 22 39 14 30 16 60 95 83 50 46 26 41 49 6 44 91 104 31 17 7 46 40 23 23 18 22 68 13 9 53 18 17 102 78 60 6 11 63 1 86 51 36 2 51 16 10 47 40 15 0 53 125 72 84 60 11 26 5 12 86 65 11 121 31 15 53 15 95 126 49 95 1 1 10 12 0 64 0 68 8 49 118 30 76 73 67 90 55 18 40 1 52 28 13 1 47 31 104 20 24 8 77 5 8 112 9 57 45 50 62 29 1 105 69 24 24 65 10 77 91 58 45 18 52 
16 28 5 10 0 68 8 22 24 99 28 12 38 8 17 18 12 9 6 7 10 45 51 25 49 7 10 34 7 93 28 56 56 46 23 17 22 25 42 36 20 7 14 83 31 68 51 75 1 18 124 62 1 47 15 52 113 1 83 35 68 84 0 18 55 24 36 10 5 49 58 50 23 8 39 52 42 49 0 53 77 98 25 75 36 32 46 55 20 44 108 39 41 50 13 56 9 62 20 19 59 82 31 6 29 16 16 3 25 39 3 63 30 102 73 26 44 48 3 57 58 53 64 19 44 55 75 1 2 
12 24 36 42 60 0 26 18 80 38 31 20 35 17 58 69 18 11 3 43 68 62 66 78 68 71 46 24 33 162 49 19 117 50 59 17 23 89 16 66 36 17 52 21 17 112 1 54 9 62 12 103 5 73 7 1 19 77 3 2 1 16 72 31 64 76 58 157 2 91 24 39 17 69 64 76 13 74 43 59 30 22 1 95 124 97 59 62 95 95 37 29 44 2 32 66 104 22 65 35 1 127 50 61 75 24 27 57 26 53 15 116 12 66 125 31 141 57 5 43 74 73 3 23 118 89 75 3 72 
110 35 24 40 12 52 0 28 97 78 20 29 7 20 11 17 8 19 51 17 73 65 63 61 53 2 19 55 18 43 80 8 39 21 36 9 10 9 42 21 31 5 14 16 81 58 17 6 0 11 108 96 62 50 83 81 2 13 67 43 85 50 15 24 89 4 34 32 5 59 79 31 49 20 22 2 47 50 8 30 13 7 29 81 53 32 67 14 20 80 62 2 45 57 31 21 16 6 48 37 64 61 45 3 64 6 16 9 29 84 20 81 8 48 15 10 69 46 1 105 1 39 51 58 55 51 30 32 32 
149 113 2 62 28 16 1 0 93 95 82 15 26 23 32 78 25 126 16 29 16 0 19 29 38 66 17 54 36 62 27 9 115 32 67 50 30 48 3 105 21 55 65 14 61 4 5 16 16 102 17 64 23 30 91 122 56 3 15 50 28 28 39 59 119 31 72 79 29 37 3 50 2 78 102 66 26 107 47 21 80 41 74 47 26 122 50 69 2 55 59 12 6 35 94 12 30 51 17 80 63 104 28 42 77 11 8 49 35 53 37 28 3 67 147 21 17 31 0 47 41 87 74 34 22 26 156 12 52 
95 6 18 25 27 25 23 130 0 68 48 10 52 140 18 39 41 17 45 47 97 117 62 47 1 28 38 118 153 19 109 149 21 23 8 41 157 51 77 103 63 55 116 24 38 95 54 47 0 19 141 123 89 14 74 77 22 51 117 14 30 31 58 51 83 4 19 32 5 32 21 42 20 68 6 157 0 9 19 141 91 126 48 30 20 54 126 114 117 33 125 49 39 58 36 33 75 33 141 58 28 9 17 11 101 86 36 27 22 63 49 28 134 27 112 32 14 165 69 182 101 21 90 83 5 51 13 42 48 
162 111 7 44 59 26 47 87 86 0 121 93 139 45 105 85 58 79 0 85 35 74 22 48 0 8 12 68 46 120 165 28 81 7 71 15 81 7 99 24 82 62 26 9 126 99 78 76 40 19 38 183 18 56 29 99 65 62 32 66 23 1 32 10 84 0 43 142 8 54 187 143 120 0 95 77 10 74 65 18 27 33 88 118 28 79 75 8 95 10 53 84 134 10 38 22 69 11 54 27 21 19 91 19 32 22 0 52 18 10 34 152 123 21 156 34 101 34 63 3 35 10 5 33 13 71 110 78 49 
48 35 57 17 23 30 61 59 74 79 0 23 2 29 27 40 50 51 120 9 29 6 124 9 118 28 43 0 26 55 20 79 58 92 6 9 41 25 27 25 5 20 3 68 14 36 79 95 44 3 75 37 26 101 53 58 91 5 45 24 19 69 28 123 32 8 1 52 140 33 73 13 49 2 0 5 81 69 7 23 97 67 56 32 59 28 48 42 23 24 99 105 37 10 135 151 46 33 14 13 100 86 54 14 1 45 35 23 30 50 24 13 151 120 39 90 51 50 6 5 3 83 114 22 39 36 26 1 15 
13 13 48 74 1 114 74 69 81 93 43 0 52 24 42 75 49 121 93 15 5 16 122 13 138 70 38 29 29 108 12 67 104 86 79 78 163 20 36 92 4 94 12 181 20 52 73 167 35 63 56 4 34 11 61 100 86 11 26 121 89 118 4 202 22 24 76 50 34 87 9 46 3 28 61 17 37 117 0 42 72 16 106 42 66 4 4 121 7 21 134 18 24 157 162 158 121 22 17 135 146 135 11 44 142 79 39 18 84 17 94 73 80 119 109 120 138 15 15 42 3 114 131 21 85 45 34 68 34 
50 16 33 68 37 74 1 54 97 115 0 7 0 13 12 55 59 8 7 5 31 17 2 6 68 9 48 64 59 13 45 18 18 78 36 40 134 38 37 13 16 16 2 71 63 15 3 141 7 73 54 19 18 32 34 36 25 8 38 52 75 46 33 162 34 21 6 4 84 66 7 6 58 18 47 15 64 1 39 9 71 83 35 24 24 53 61 106 4 40 127 97 21 61 91 100 43 72 22 84 104 38 24 18 118 42 19 21 87 11 65 12 131 135 45 2 16 40 12 62 5 17 87 4 19 23 21 10 17 
33 115 4 48 20 27 20 55 50 96 13 2 26 0 8 66 24 71 56 55 8 18 104 9 94 31 31 103 4 41 7 38 1 31 37 69 13 5 8 37 34 58 37 93 123 20 55 118 26 70 126 31 36 58 66 47 100 23 71 103 150 100 8 130 16 23 53 34 96 59 55 35 18 8 93 27 127 31 16 0 11 30 42 38 78 44 23 128 8 88 82 48 1 71 80 157 78 61 6 1 59 43 12 15 26 15 4 4 112 10 12 42 70 120 134 124 58 35 22 68 33 76 123 20 47 19 125 35 8 
29 16 0 47 17 30 15 11 49 105 26 28 16 32 0 29 13 20 38 7 17 42 87 28 102 12 2 20 32 56 39 7 49 65 44 23 61 20 6 78 11 8 66 91 27 75 39 31 14 27 12 10 29 92 43 28 18 5 69 63 111 56 15 74 45 56 9 56 120 27 73 61 20 21 49 14 36 14 19 54 45 51 29 91 3 64 41 15 8 12 65 20 2 48 7 69 73 41 9 62 65 47 0 4 30 13 2 23 28 3 48 30 75 11 60 45 57 11 7 42 64 93 7 25 91 58 116 21 5 
40 15 16 24 31 26 49 95 29 71 68 31 26 81 48 0 21 54 65 19 35 60 50 1 35 56 21 41 52 53 83 43 6 8 1 25 125 50 45 60 18 31 54 59 84 17 64 102 56 0 142 10 59 17 44 13 24 53 121 19 59 65 7 26 17 34 9 17 27 14 66 53 64 78 3 52 76 9 3 53 46 131 17 88 51 4 65 23 22 16 14 37 90 108 28 38 34 2 84 40 55 7 39 10 98 72 29 1 45 54 59 38 78 63 27 16 2 51 29 168 38 9 12 120 61 15 44 23 54 
75 94 24 21 2 43 0 13 68 25 61 30 26 66 6 48 0 57 61 9 49 50 5 53 28 37 6 20 10 74 0 9 7 4 22 4 17 18 42 75 33 13 50 52 106 15 23 3 24 39 79 67 2 55 57 53 68 50 3 43 96 42 22 58 48 50 42 33 44 44 46 76 61 87 4 66 24 69 64 62 29 98 34 23 52 44 39 47 42 79 77 41 34 31 5 62 113 19 19 31 26 3 24 26 7 14 29 19 13 70 29 93 35 91 129 15 29 32 10 136 72 78 6 44 106 50 57 17 9 
33 14 10 97 44 102 3 12 22 76 31 16 26 0 50 4 3 0 19 24 47 33 115 60 39 34 113 147 78 7 9 58 35 80 34 66 18 15 94 0 41 71 61 96 39 11 90 125 56 21 203 53 156 61 4 0 31 63 19 12 59 59 77 131 25 25 0 28 40 54 154 63 15 90 13 70 139 12 30 1 78 3 13 13 6 12 64 163 83 6 133 109 50 124 75 102 3 87 38 21 17 38 28 88 70 30 71 42 67 54 97 16 71 129 12 82 15 131 17 95 24 37 25 53 12 14 1 67 36 
44 13 80 10 4 5 10 62 39 7 118 148 113 51 34 61 61 48 0 72 105 140 32 157 5 83 11 10 62 51 73 114 9 8 16 29 33 95 55 102 81 38 92 37 154 63 21 55 22 36 17 34 69 35 74 99 97 43 6 67 2 19 66 10 35 94 6 51 0 31 198 75 4 59 77 98 25 46 34 106 16 101 90 103 7 29 26 5 95 60 48 52 102 39 9 32 100 1 88 10 25 64 77 40 22 57 62 62 22 125 34 135 54 16 105 5 87 130 30 171 43 44 24 22 107 82 17 28 46 
13 2 83 3 11 72 2 23 50 89 8 94 24 37 4 40 20 41 77 0 70 32 45 74 70 18 35 76 74 3 81 35 32 10 5 2 33 23 22 65 17 0 61 78 63 57 34 21 43 9 128 77 43 42 11 26 25 28 54 53 34 57 10 62 61 29 44 48 36 37 98 72 75 52 29 50 36 25 67 61 59 54 11 83 12 3 9 32 41 7 107 33 41 53 48 2 91 15 42 53 88 50 3 28 86 26 52 13 18 69 40 34 7 34 88 61 60 21 11 59 58 15 10 38 48 36 28 8 1 
58 120 1 41 24 8 45 24 110 14 81 17 0 42 45 27 81 42 21 11 0 70 88 33 136 28 4 55 1 110 42 24 88 13 89 46 70 2 45 17 52 65 43 37 164 127 23 27 15 82 14 58 16 16 73 92 91 29 55 100 9 29 51 134 19 0 1 120 112 122 40 30 5 59 11 2 43 68 43 47 122 60 18 65 94 101 13 117 31 60 7 2 30 30 84 156 68 117 3 102 25 122 7 18 29 57 38 6 135 49 16 77 31 4 28 40 39 4 39 42 59 154 104 5 15 60 132 15 45 
0 29 1 61 2 1 43 65 104 112 7 35 8 15 18 56 65 52 140 51 44 0 39 16 123 22 84 118 28 31 22 68 102 61 7 55 139 2 43 31 29 76 6 24 67 52 77 71 34 18 22 29 36 28 70 47 78 6 123 40 37 66 6 81 47 24 1 72 71 9 53 23 0 4 16 24 2 53 10 24 89 106 58 48 12 71 43 9 13 26 9 30 7 105 23 6 72 89 11 117 91 12 37 3 156 68 12 0 68 46 68 36 81 41 18 107 70 2 20 87 1 3 8 3 31 33 30 10 20 
36 55 111 21 110 80 79 32 81 20 54 67 151 12 98 48 5 140 34 61 82 65 0 167 43 16 14 30 136 127 132 42 98 75 114 69 51 107 44 123 116 18 95 33 8 61 69 72 75 48 94 168 41 65 90 35 78 153 22 92 17 2 81 47 160 35 11 21 2 41 181 17 163 114 27 185 22 32 42 179 12 72 47 56 12 35 76 2 45 92 84 37 60 16 13 33 17 7 26 45 4 27 56 64 5 45 41 37 43 106 32 4 108 17 113 36 28 119 62 188 64 23 0 143 39 44 32 14 72 
59 83 21 107 65 77 11 63 134 58 27 2 47 5 30 36 26 95 13 24 31 22 56 0 51 32 48 8 26 50 0 71 80 24 71 48 112 14 40 59 34 0 24 109 36 53 98 166 42 93 95 20 80 67 51 70 130 11 17 72 179 164 7 64 39 42 0 101 167 54 4 43 3 12 112 18 112 27 3 42 79 36 76 67 86 62 21 2 5 4 95 50 12 62 38 64 28 49 12 130 23 49 33 6 73 24 14 58 79 10 72 57 102 126 28 22 145 4 5 44 7 35 152 14 13 67 69 48 44 
31 3 32 14 33 25 42 2 46 8 14 22 56 43 87 36 59 97 1 45 36 37 7 95 0 35 26 33 46 49 141 20 27 11 65 14 113 39 79 52 75 49 116 27 125 1 76 77 35 12 56 44 9 1 87 83 79 92 36 46 24 5 48 39 12 82 4 116 18 5 39 129 3 16 59 37 2 66 72 72 17 113 70 95 7 20 27 63 88 23 4 47 86 28 12 25 63 6 64 13 12 0 37 85 36 37 35 53 4 115 13 27 111 1 153 19 56 96 49 89 114 51 19 37 78 21 82 49 104 
21 43 48 67 13 16 18 60 67 107 2 58 6 28 25 55 1 53 73 3 52 30 7 44 24 0 38 24 4 76 37 1 10 34 21 14 91 5 42 49 19 15 50 99 74 39 48 67 15 15 55 40 72 46 23 17 115 20 19 21 119 7 10 20 50 12 61 0 64 70 4 58 55 55 34 5 21 54 27 1 29 62 23 34 31 37 42 71 8 62 99 76 11 65 38 2 38 87 15 56 90 44 30 16 36 35 20 9 68 21 8 18 7 91 59 36 52 47 9 58 4 82 37 13 9 6 75 1 6 
150 19 13 7 1 38 25 34 26 46 73 9 59 79 40 26 10 38 41 16 82 4 10 93 11 10 0 12 78 57 7 50 57 8 60 15 23 8 33 71 13 27 71 8 38 113 30 77 8 35 21 90 20 35 88 64 78 52 20 16 25 6 14 22 64 70 52 58 2 0 128 81 69 111 10 77 8 23 86 79 1 47 75 41 78 80 79 12 19 50 40 35 29 49 63 53 103 11 22 10 45 85 19 24 19 27 78 0 14 49 8 36 77 54 65 17 33 13 54 121 62 48 9 62 62 23 12 4 19 
55 85 70 20 41 34 50 45 60 33 54 95 15 59 42 96 46 31 16 11 62 50 28 9 28 89 30 0 82 10 131 7 82 59 66 1 30 35 14 17 119 0 39 71 1 130 25 36 59 51 28 83 17 88 40 18 33 94 15 45 107 22 50 87 36 13 63 122 53 83 112 110 61 15 43 2 29 2 102 86 12 22 63 36 124 131 43 6 24 63 20 19 29 5 93 46 20 42 48 57 42 109 68 71 5 50 58 16 14 33 8 60 3 108 102 11 17 95 59 13 74 85 3 37 38 47 32 45 70 
86 113 46 49 55 39 38 16 18 132 13 23 67 7 19 65 71 24 24 28 7 3 156 5 5 18 39 33 0 88 24 38 3 62 35 66 32 10 10 80 67 44 0 141 9 40 30 110 49 3 39 10 25 69 32 51 31 14 30 20 158 49 18 100 11 85 90 26 76 18 37 67 15 4 35 37 6 9 8 44 111 44 85 107 32 116 4 100 13 17 109 26 7 81 0 42 75 70 28 59 39 44 1 25 53 28 8 23 79 50 41 32 23 144 44 21 89 5 27 20 11 149 22 20 106 28 124 49 16 
3 7 4 21 4 43 35 54 12 86 8 111 76 39 85 31 103 1 87 1 26 29 28 14 53 83 84 122 111 0 31 88 43 74 7 13 2 52 137 19 14 37 71 30 24 33 16 214 26 18 206 38 108 12 20 4 101 43 39 28 87 30 41 134 25 12 7 18 145 60 137 1 63 54 33 109 60 7 49 30 60 45 25 30 2 8 72 35 80 3 175 115 74 83 102 60 3 110 81 105 27 4 53 31 127 62 14 99 20 45 19 16 202 91 40 148 21 59 44 73 45 11 25 26 34 28 3 83 37 
51 62 15 99 5 30 24 43 92 20 16 7 54 7 28 25 71 17 150 63 5 30 11 1 129 5 19 75 14 14 0 67 70 47 77 97 140 0 25 34 7 69 2 32 87 24 34 98 51 40 10 9 107 65 89 9 32 1 92 32 81 124 20 179 15 59 13 110 163 27 41 22 2 17 33 36 86 46 10 19 58 108 0 70 85 61 17 89 1 79 107 7 5 73 138 123 105 88 5 29 123 149 20 36 102 48 14 8 47 8 35 48 129 41 131 49 60 24 5 55 46 66 45 11 32 23 9 3 28 
33 66 15 15 34 4 51 7 18 118 52 22 89 66 29 86 5 79 56 44 0 67 83 84 53 44 27 14 28 64 7 0 28 57 29 33 60 20 8 86 75 4 84 121 124 49 4 5 1 96 15 55 0 7 41 148 49 77 4 58 159 86 41 89 8 62 13 7 11 73 12 3 77 22 24 114 43 32 62 5 6 23 64 88 112 113 25 0 73 1 19 8 20 19 83 62 38 8 71 34 0 80 24 60 41 23 35 53 22 30 79 96 3 29 131 59 92 26 35 19 70 21 67 10 46 86 142 75 26 
72 42 42 17 69 77 43 68 15 17 67 63 43 49 39 5 8 12 62 0 126 98 55 67 49 42 33 42 17 46 88 9 0 36 14 4 6 0 110 39 41 48 106 51 65 71 97 127 52 10 2 73 12 27 24 28 56 14 57 14 32 49 80 17 74 31 8 28 69 12 129 16 83 57 4 25 21 14 73 54 21 18 18 76 16 9 77 44 91 28 128 127 105 4 0 71 13 43 15 15 1 4 81 8 40 61 22 36 25 113 39 43 94 19 14 12 17 96 15 53 79 8 8 15 13 2 4 35 82 
27 51 96 0 23 49 8 32 18 36 86 111 56 1 64 7 30 76 1 12 77 34 35 36 6 20 6 72 46 58 22 51 14 0 22 9 92 85 66 33 60 2 20 59 90 1 4 85 54 15 86 9 87 4 9 57 101 14 61 13 18 15 3 9 8 34 7 95 3 16 117 51 68 15 11 127 12 35 57 44 26 40 45 105 2 60 117 51 67 16 73 23 91 18 39 59 46 36 46 22 29 54 11 46 69 12 32 10 7 9 11 29 37 0 120 40 43 87 45 170 59 56 58 1 65 46 45 55 46 
1 17 13 50 6 63 9 66 76 99 16 64 21 21 35 24 23 52 6 15 28 14 83 36 37 11 43 1 72 12 22 58 46 2 0 1 95 5 19 51 8 34 21 54 7 1 25 25 22 33 54 52 81 59 29 6 142 10 81 41 21 74 24 79 40 1 40 52 77 27 30 6 35 42 25 80 49 3 8 69 69 58 11 40 38 39 31 60 26 4 109 75 32 76 69 108 64 67 12 50 84 8 37 7 89 36 37 10 56 18 31 30 34 43 72 71 45 31 19 75 22 56 64 41 38 29 5 5 5 
60 40 16 1 29 56 2 38 54 50 26 111 1 21 44 32 7 61 57 25 10 60 9 50 52 20 6 24 86 4 21 38 48 1 24 0 82 44 12 98 59 5 57 78 101 90 21 50 8 40 23 65 37 26 3 20 77 16 72 35 93 50 15 96 80 28 11 79 12 53 52 28 81 33 22 14 19 14 23 73 48 44 42 96 48 24 55 14 41 57 1 63 50 70 64 79 79 0 46 20 19 83 18 41 13 24 72 17 1 12 6 84 104 54 136 73 9 60 32 111 51 55 57 45 105 22 37 10 35 
4 188 23 24 31 24 77 76 102 76 3 65 13 82 12 98 9 50 32 32 57 149 47 81 88 112 17 34 97 27 74 28 29 70 125 37 0 92 38 93 6 2 118 47 171 58 37 3 34 106 16 109 29 15 97 62 17 31 32 6 62 79 16 94 20 25 18 95 8 13 161 50 85 158 19 180 65 50 166 149 37 13 91 218 60 14 32 48 121 100 24 76 7 7 10 8 195 34 42 28 39 30 102 84 31 51 114 87 51 44 22 103 14 5 77 2 144 36 6 23 118 92 41 101 202 150 144 11 76 
45 49 30 44 11 73 56 15 117 39 3 13 24 5 7 29 42 28 124 53 38 3 65 9 111 23 88 119 15 43 10 42 74 85 32 3 85 0 66 2 1 65 26 65 0 54 45 128 31 103 141 7 83 124 48 14 30 17 76 63 46 5 31 105 7 26 68 15 151 61 21 7 19 22 41 14 40 98 16 40 65 7 57 59 7 18 31 101 3 10 113 8 4 108 87 88 7 101 7 15 76 89 27 0 50 21 3 47 46 38 112 62 17 16 68 55 102 18 33 69 19 87 8 16 57 0 80 9 11 
6 34 16 69 48 19 30 1 54 66 40 15 52 8 8 47 14 65 95 28 20 81 81 79 25 19 16 4 10 61 3 8 73 70 30 48 69 9 0 98 83 27 67 60 36 43 7 36 0 25 58 52 32 42 58 15 11 63 15 12 91 43 57 99 2 47 71 117 46 63 62 108 36 91 26 50 59 40 30 13 26 14 93 36 44 64 36 82 39 105 43 29 4 59 122 31 11 4 61 45 45 5 1 50 5 7 30 37 44 53 31 86 44 20 106 27 17 56 4 89 80 0 44 30 78 16 122 43 34 
28 1 76 49 37 87 54 86 52 9 0 18 1 74 59 76 65 7 134 7 16 37 156 12 122 25 97 110 65 40 44 83 77 7 48 91 19 26 59 0 5 20 37 74 47 6 52 21 93 34 70 89 50 41 12 4 194 14 97 26 49 77 31 1 3 44 49 13 67 81 21 31 92 54 4 27 55 58 25 8 145 74 42 25 27 18 88 163 4 32 82 12 76 83 138 23 17 16 33 20 159 36 21 45 37 66 48 80 38 83 58 5 135 39 53 20 40 38 1 77 3 42 164 68 2 13 19 0 31 
17 33 79 66 31 72 38 11 54 117 39 64 16 35 3 23 11 12 82 13 10 13 40 43 30 14 46 90 60 22 26 100 20 37 16 15 17 12 6 18 0 45 40 38 72 33 61 3 72 18 133 75 20 30 9 24 110 15 49 15 49 57 5 40 12 2 46 63 98 54 102 27 63 8 12 28 81 12 56 51 58 73 20 29 1 24 86 63 40 28 100 109 6 113 16 3 32 26 21 12 85 70 68 2 77 3 37 22 51 86 78 5 11 82 47 85 60 48 30 58 26 47 47 7 39 8 35 9 12 
63 69 45 2 1 25 10 68 18 72 27 39 36 58 50 35 4 55 45 10 0 80 7 15 37 38 0 48 24 38 86 62 26 8 3 2 75 24 9 41 19 0 65 53 34 11 57 112 26 7 15 47 4 30 86 80 88 28 75 14 31 51 35 14 12 24 32 90 71 45 18 52 40 72 5 12 37 52 18 57 28 62 6 80 52 9 44 78 17 50 12 94 13 57 1 5 9 4 40 8 41 10 12 28 40 36 53 21 25 109 12 3 84 63 62 24 8 18 14 113 73 28 47 65 19 27 62 34 55 
21 49 16 63 63 4 19 16 110 106 4 35 18 14 66 34 72 57 143 15 26 6 71 19 1 18 54 101 3 90 2 83 60 24 3 33 142 14 21 0 23 89 0 106 37 16 17 26 8 68 43 5 72 84 25 9 153 2 107 68 23 155 24 177 23 21 19 6 166 79 20 8 50 18 88 15 72 19 4 8 49 87 51 52 15 61 36 136 26 25 63 111 38 156 148 110 72 125 32 2 82 75 58 33 49 35 22 35 10 4 39 25 25 53 43 10 42 5 32 45 17 77 124 40 0 67 60 43 4 
142 7 68 32 110 116 13 21 12 46 128 77 98 124 103 5 24 2 43 75 92 110 68 55 32 81 62 51 167 92 43 23 8 5 64 22 131 3 79 87 35 80 54 0 36 83 110 175 34 4 158 147 122 9 107 38 130 58 31 15 14 15 113 11 76 38 20 70 58 23 147 45 105 137 3 76 65 21 92 58 33 61 38 3 93 90 127 27 111 27 44 132 45 62 2 16 117 63 104 15 19 29 104 88 58 68 132 66 30 19 34 38 150 6 136 110 21 157 31 109 122 26 38 110 62 66 65 92 25 
13 16 128 106 92 7 84 104 101 154 6 75 25 33 7 92 37 19 112 81 160 5 93 134 131 100 76 166 85 22 76 126 47 102 38 7 211 107 96 36 30 92 59 66 0 25 133 202 4 67 172 23 41 106 16 28 116 56 165 29 132 36 48 61 51 59 18 9 47 45 109 38 109 62 64 85 72 48 39 63 172 5 37 14 32 50 117 185 26 6 99 156 6 110 78 22 11 60 14 12 150 23 108 93 163 85 105 50 107 143 4 48 163 146 1 179 61 76 45 4 42 67 176 48 12 9 3 63 35 
23 43 62 25 64 63 75 48 0 123 45 10 31 75 18 0 71 12 58 59 87 48 23 32 102 49 79 81 62 33 17 73 73 20 42 92 165 30 71 9 5 49 3 72 2 0 116 130 79 38 137 3 137 28 10 19 175 45 55 43 22 80 22 156 0 36 21 32 98 94 84 0 30 4 18 57 42 31 43 11 25 99 22 2 6 22 67 55 52 21 116 111 87 133 113 38 3 128 61 0 14 67 60 52 10 64 8 14 63 13 41 10 68 81 14 143 25 109 19 120 14 72 150 36 12 15 15 27 50 
137 115 0 44 46 7 10 21 45 9 34 99 48 5 6 4 38 120 32 71 21 45 57 84 88 57 4 20 71 17 88 1 37 3 10 45 30 17 0 24 52 63 96 39 118 18 0 8 17 44 29 31 24 31 115 54 31 35 12 32 17 105 59 119 79 71 94 17 79 20 70 14 48 110 91 78 34 0 110 52 37 6 70 166 51 58 13 2 31 25 5 0 38 29 65 81 138 35 35 7 55 36 50 58 5 10 59 22 9 98 18 61 45 85 70 25 109 11 19 8 37 29 82 4 119 111 64 78 31 
127 218 12 107 94 30 115 1 35 53 162 88 129 59 32 90 75 12 106 79 44 10 56 110 102 84 26 67 34 87 113 6 90 79 144 33 0 42 32 9 23 74 107 9 145 21 4 0 23 54 4 48 33 126 219 21 6 154 30 80 55 103 69 85 95 14 20 132 83 24 129 61 48 143 29 163 48 33 183 129 78 17 39 240 156 10 126 28 46 123 28 84 46 78 81 89 198 107 106 85 68 167 18 6 10 101 94 117 107 72 34 109 0 76 227 32 6 58 37 98 189 56 82 96 112 57 157 74 40 
41 1 19 81 33 28 33 4 113 102 45 20 77 37 14 37 33 56 56 38 16 58 0 68 90 3 5 59 53 125 64 13 46 28 26 4 70 27 6 97 55 41 56 9 80 60 15 16 0 48 88 55 51 63 63 90 51 75 10 8 1 37 32 12 105 61 10 40 57 93 66 38 22 62 81 9 83 92 68 94 28 39 26 70 78 8 42 75 2 109 14 45 13 63 89 9 83 50 37 70 62 66 13 32 74 11 16 17 64 52 52 9 29 111 26 10 31 51 27 51 40 12 89 4 102 78 98 7 31 
87 52 113 23 36 61 25 38 21 23 78 103 61 64 26 1 12 40 5 17 19 54 8 61 27 46 53 38 70 3 44 31 2 14 3 26 112 71 95 36 25 1 76 18 18 0 17 70 38 0 62 32 16 26 7 56 48 77 45 8 10 49 24 48 3 5 11 69 58 17 15 74 23 51 13 62 7 10 93 71 11 129 6 71 31 9 46 45 18 27 77 131 3 39 27 66 30 21 67 26 8 32 49 46 97 44 42 3 16 101 36 47 4 0 18 56 29 42 44 123 77 15 10 44 59 24 54 43 21 
166 179 19 55 113 39 26 34 80 13 31 133 62 31 69 117 42 18 48 49 108 110 64 104 64 135 73 48 0 181 19 48 158 8 15 72 5 5 74 199 39 34 127 58 39 188 27 7 84 109 0 156 4 122 190 126 2 108 23 166 55 17 72 97 10 136 108 9 51 21 30 79 141 158 81 130 40 42 41 1 37 18 20 219 187 61 76 70 100 134 14 76 138 67 144 72 32 33 77 97 9 102 54 97 65 46 2 119 27 1 7 128 2 32 56 24 131 13 75 22 147 33 71 27 176 90 67 48 12 
118 1 84 141 5 54 51 21 10 164 27 8 58 31 67 111 27 47 158 56 32 35 113 2 132 61 86 20 8 95 7 22 139 108 29 79 125 23 80 38 59 65 13 138 82 83 46 159 35 42 16 0 16 3 4 73 140 25 79 118 101 75 47 92 85 60 41 51 112 151 1 50 9 14 82 29 98 78 11 35 14 105 27 4 20 69 0 25 24 68 38 80 19 63 84 171 15 118 11 99 79 3 9 18 68 37 41 32 97 10 89 50 3 208 60 58 96 39 28 21 57 22 142 31 99 71 101 49 54 
22 123 31 49 1 9 61 17 95 34 24 128 110 37 28 11 56 17 72 53 18 16 56 97 79 67 6 3 21 142 103 7 56 67 77 14 15 25 9 136 59 75 21 97 84 72 12 38 41 28 31 69 0 96 110 163 1 112 5 100 137 0 50 35 38 61 75 162 11 9 53 105 28 31 10 125 34 23 128 68 2 35 35 176 11 13 76 12 114 129 13 73 36 41 89 49 15 59 34 49 43 40 58 50 13 31 29 7 87 132 12 87 37 130 51 12 67 50 20 102 40 32 15 25 81 71 151 99 5 
115 12 62 7 31 77 59 54 0 40 16 17 69 88 77 15 57 74 40 15 116 36 49 88 10 4 46 61 67 55 59 50 6 0 48 9 115 119 41 79 4 30 111 36 84 95 91 103 66 23 14 151 10 0 58 4 57 103 75 18 33 8 43 29 105 68 3 11 12 6 50 69 91 60 47 130 7 38 56 134 5 48 45 88 27 61 138 10 71 66 101 65 24 24 33 36 59 27 112 1 12 18 110 17 34 7 23 68 6 163 1 10 61 48 83 39 1 89 19 32 40 35 61 17 74 4 56 32 63 
21 22 88 59 28 4 9 35 48 62 35 55 13 67 1 12 13 5 58 44 4 34 1 39 5 61 74 27 31 28 105 141 1 45 27 83 123 92 114 10 20 51 25 68 15 13 57 72 12 1 19 94 151 20 0 15 68 7 24 26 68 19 63 79 22 36 76 5 75 21 127 1 73 40 0 39 115 45 60 21 48 173 18 14 0 1 18 28 64 22 85 50 6 77 40 118 1 4 12 65 112 72 102 88 79 104 101 23 102 69 52 27 39 135 3 136 12 47 15 12 6 44 96 111 2 7 14 59 51 
2 4 118 59 65 122 26 128 2 144 51 32 7 113 29 29 36 0 49 53 58 51 121 114 2 26 117 94 84 5 12 33 42 77 44 84 88 100 54 32 36 60 15 32 6 12 4 44 101 9 118 11 49 8 10 0 196 46 126 16 95 62 70 140 31 0 35 23 132 87 93 69 21 72 20 13 75 2 53 29 99 25 10 18 8 18 68 70 29 9 64 53 69 66 73 15 5 34 75 32 56 38 11 6 103 3 106 66 5 122 99 1 0 72 40 78 26 120 21 68 31 8 138 46 9 32 1 9 0 
187 84 34 34 87 29 79 5 79 74 11 149 8 64 3 87 19 1 89 18 42 32 46 12 105 118 82 4 123 171 24 38 101 78 140 107 20 48 55 124 65 54 17 106 16 114 19 7 9 115 1 156 38 62 25 102 0 0 4 106 42 31 99 61 140 61 152 187 109 15 24 166 83 113 184 5 13 58 89 150 64 8 140 50 167 79 76 78 33 54 4 78 114 63 36 136 160 96 38 112 10 72 9 27 61 44 110 23 21 83 23 60 25 94 5 48 69 11 11 152 91 78 62 63 211 103 101 29 139 
50 49 62 40 52 121 44 36 16 120 1 10 19 5 9 44 63 15 23 63 76 11 91 19 72 15 42 107 50 85 34 85 43 88 21 21 3 5 50 24 11 42 6 158 58 3 90 166 82 65 31 29 86 5 3 15 76 0 72 96 110 129 22 86 7 29 118 1 119 80 12 7 46 7 5 16 52 8 3 7 107 103 41 24 21 30 50 165 23 37 60 63 7 73 61 64 73 84 9 57 50 93 19 1 99 72 15 48 14 8 36 35 126 45 18 16 61 23 23 84 18 87 114 70 40 54 91 24 17 
106 71 5 78 28 3 25 13 141 56 19 20 67 68 60 56 58 41 10 63 42 70 10 45 50 87 54 6 30 148 74 13 94 73 14 47 6 74 19 66 75 58 47 119 150 47 9 3 2 69 18 18 12 111 37 139 13 96 0 17 36 72 12 90 90 32 62 66 44 64 103 152 101 0 145 46 43 4 100 108 18 3 51 61 6 29 39 8 4 81 26 17 70 26 139 80 22 33 77 31 24 96 64 77 75 29 14 38 97 73 7 76 17 106 160 22 11 90 13 124 111 132 0 14 100 131 128 83 3 
48 19 6 42 27 92 25 105 23 54 41 11 12 64 61 0 46 1 29 1 113 66 72 11 49 22 37 10 124 34 50 36 5 13 22 26 37 66 25 17 2 12 67 18 19 46 33 126 50 13 61 92 24 39 53 20 7 40 81 0 25 51 50 42 67 17 3 1 29 8 169 72 97 11 0 93 67 6 45 48 9 15 8 46 29 2 36 25 57 26 129 98 68 46 7 67 46 30 48 48 90 16 48 48 47 83 47 8 23 60 52 23 79 69 75 14 12 10 55 56 54 4 54 114 53 3 27 29 81 
124 10 56 0 14 122 62 14 7 41 41 6 79 56 37 42 2 3 15 70 125 60 68 91 31 120 67 80 181 46 67 143 15 59 58 22 82 91 70 16 89 3 28 9 128 12 76 32 3 65 38 12 128 30 87 105 67 25 75 0 0 2 10 5 12 65 21 52 13 14 191 169 47 93 20 27 58 27 35 69 51 193 44 71 27 92 133 105 38 8 140 144 78 66 0 19 86 17 60 35 35 21 160 110 36 117 160 90 1 60 17 91 11 24 21 70 29 82 93 96 33 48 4 48 32 49 61 41 4 
36 21 35 17 19 69 37 96 16 18 32 159 18 87 66 23 36 0 2 0 88 77 52 92 3 44 26 46 149 12 148 9 45 14 36 67 64 137 54 94 92 38 65 2 8 61 41 73 100 52 100 25 52 30 42 1 3 159 11 17 4 0 112 5 106 6 2 29 35 5 115 23 79 75 61 24 47 25 146 109 8 31 14 10 94 73 143 57 57 108 129 150 105 53 7 12 142 43 9 3 4 10 76 96 52 91 32 11 19 107 7 136 54 26 160 86 39 10 41 178 28 65 21 88 23 23 76 37 124 
56 78 55 53 4 72 14 25 72 132 24 39 9 14 23 19 15 9 44 11 15 24 92 9 83 3 56 61 23 9 7 50 28 59 7 15 111 32 7 27 18 25 1 126 6 47 51 132 12 36 98 43 41 60 79 4 126 37 61 9 97 110 0 119 4 18 1 88 33 61 68 46 47 8 8 52 74 49 47 58 39 65 55 51 39 46 47 0 25 62 88 3 25 59 81 106 89 75 6 41 54 51 26 1 95 40 19 20 88 65 17 0 14 143 56 58 9 25 9 100 0 79 64 13 80 69 80 10 4 
38 96 78 25 118 7 70 44 29 9 30 99 115 118 85 24 22 141 16 41 9 123 50 40 9 45 3 86 184 119 169 10 43 51 25 96 76 24 23 106 130 41 56 40 171 16 42 154 23 82 47 132 55 39 91 1 97 120 57 59 5 20 110 0 6 128 10 150 31 29 79 26 166 129 77 148 51 21 34 91 64 32 70 75 15 111 167 26 164 83 151 75 121 9 27 11 126 32 31 10 24 19 148 73 45 38 120 34 3 144 43 37 1 0 15 7 62 41 13 47 1 17 18 36 45 39 58 84 48 
1 51 76 89 39 108 89 78 46 71 28 21 13 23 18 4 81 23 57 54 50 14 90 58 63 29 97 62 31 43 6 124 51 3 44 35 36 56 18 5 28 13 35 21 48 6 101 103 20 73 193 77 40 39 8 25 81 18 45 10 52 17 9 39 0 1 37 26 134 103 38 13 72 58 49 60 144 58 26 17 121 135 3 14 16 18 9 39 62 39 5 25 84 168 24 115 4 44 12 45 97 70 89 22 120 80 11 79 26 0 56 3 178 14 6 108 65 93 22 120 9 22 41 101 9 27 47 36 1 
33 32 53 27 31 61 34 9 51 83 17 64 23 32 26 16 1 28 36 29 44 37 23 18 76 2 31 3 30 12 45 2 26 17 12 31 75 65 3 32 5 21 15 57 32 21 56 29 1 5 142 98 13 34 30 33 48 29 124 12 59 17 32 72 25 0 47 54 128 12 48 50 6 44 33 70 63 12 51 60 49 32 17 43 28 25 79 39 19 1 133 64 3 80 59 99 17 11 30 29 76 49 57 2 112 0 16 26 15 84 13 0 117 113 38 49 7 28 17 43 2 3 114 43 42 13 6 12 2 
63 62 86 15 14 101 21 92 17 64 67 117 76 66 49 11 28 16 38 12 102 1 65 58 4 1 53 70 49 53 50 13 9 15 13 12 118 81 15 19 39 31 107 17 65 85 63 40 83 15 5 80 75 0 57 23 136 73 97 32 39 41 72 17 5 6 0 20 18 9 84 120 89 79 8 65 6 13 12 115 42 139 37 85 58 13 34 14 92 61 16 61 11 55 2 8 56 39 72 0 7 5 45 66 76 42 4 21 1 62 26 29 93 34 51 16 7 0 69 140 56 41 35 35 9 25 55 25 76 
8 35 107 82 56 64 30 138 62 3 17 129 46 76 68 63 114 28 151 21 99 93 68 103 88 87 106 43 101 21 75 90 61 104 9 43 72 60 62 14 43 26 53 84 2 12 29 197 37 34 34 43 98 107 21 18 18 83 15 64 57 111 94 82 46 7 85 0 99 17 13 52 14 5 33 75 44 5 73 1 20 133 67 15 13 12 44 87 18 6 79 63 18 37 74 7 7 96 68 95 48 29 71 119 53 109 107 37 54 43 34 5 40 39 8 156 6 129 15 102 68 5 18 165 3 25 20 22 62 
160 133 96 7 82 60 54 35 22 7 163 100 105 65 32 7 59 27 10 28 47 44 5 112 13 11 12 22 50 148 153 99 97 12 40 35 45 130 20 118 65 58 35 36 140 104 55 96 59 82 98 146 55 46 83 36 17 61 19 107 69 3 49 36 113 111 42 22 0 0 61 160 151 80 93 192 8 44 54 78 4 114 32 167 124 24 20 13 85 110 121 105 29 31 19 56 81 31 36 50 3 36 3 25 7 56 141 92 33 160 37 22 18 21 35 60 67 138 8 5 131 97 10 68 101 110 3 116 118 
69 60 131 11 4 53 32 61 27 54 99 21 52 80 92 35 27 52 13 6 30 19 28 146 16 77 10 85 117 63 1 34 24 8 64 35 69 30 73 107 20 17 68 29 111 1 92 38 54 8 39 163 89 3 33 84 30 20 35 51 25 19 87 42 44 39 5 102 1 0 86 45 6 64 27 95 32 16 133 29 35 80 62 37 28 5 33 70 124 0 35 32 111 6 18 21 63 27 105 21 14 40 71 22 52 8 73 45 4 87 4 89 89 9 67 65 46 33 70 12 9 28 32 74 5 60 50 52 96 
93 40 71 134 103 92 100 73 168 38 0 4 55 28 73 121 46 9 50 102 5 68 51 33 47 106 32 109 9 0 12 76 14 29 92 103 1 19 54 69 8 74 41 206 11 17 66 60 10 40 48 12 7 148 136 137 27 41 44 24 195 93 49 217 105 93 42 173 208 94 0 88 12 67 13 3 26 56 34 37 51 106 97 109 115 49 12 190 54 121 122 55 0 3 82 149 5 46 52 146 65 149 55 53 171 9 42 14 177 40 55 22 47 113 79 130 167 8 105 14 107 6 133 26 16 111 135 50 35 
43 26 98 83 13 25 68 112 53 180 0 18 18 37 4 37 88 27 101 54 13 28 33 7 42 35 12 39 29 38 22 91 38 20 9 36 183 34 101 24 10 0 1 125 16 1 22 103 97 1 57 52 40 47 35 70 81 6 5 79 70 29 16 112 8 29 28 34 61 55 18 0 59 10 65 16 80 51 18 0 6 158 33 25 17 58 25 41 4 31 166 50 34 71 140 1 2 62 0 77 145 35 57 45 65 8 9 72 21 14 7 15 47 121 56 81 48 22 23 90 9 113 75 36 25 82 76 24 38 
80 116 49 66 52 72 40 52 69 50 26 5 26 7 42 121 90 79 48 2 34 18 160 0 57 10 52 124 16 99 6 32 136 74 74 20 51 20 71 36 21 82 40 17 28 34 14 106 20 57 79 9 83 8 105 70 104 12 21 125 89 163 10 8 29 36 12 129 22 84 33 14 0 37 25 37 108 84 14 38 33 32 24 88 85 82 16 59 12 16 50 58 0 64 147 193 61 136 21 84 40 110 12 6 28 9 3 10 117 14 104 2 97 164 16 95 7 0 54 50 28 39 31 3 77 96 86 5 14 
48 101 21 113 3 59 79 14 84 162 5 4 6 28 22 36 66 30 43 70 19 11 61 4 4 51 79 34 29 109 1 61 1 18 56 32 73 22 25 49 60 0 6 58 49 9 6 105 73 21 132 27 64 57 2 75 169 11 64 69 171 139 4 13 27 60 97 102 36 88 30 6 16 0 85 4 79 24 1 1 0 115 82 23 38 73 3 114 2 57 69 67 14 23 120 101 98 39 18 109 61 85 46 32 139 50 39 54 65 8 0 10 134 117 70 107 14 4 23 2 38 5 129 33 18 32 37 3 43 
49 23 46 36 41 6 34 56 42 107 69 64 54 12 62 13 22 6 23 10 6 14 87 84 50 63 87 107 43 5 101 79 5 46 37 55 61 20 72 44 16 14 27 62 21 24 111 2 53 20 136 0 23 5 45 16 105 0 65 0 62 10 37 108 47 33 45 12 50 44 129 24 52 40 0 39 93 1 85 35 17 59 12 65 20 3 122 34 21 8 45 53 44 21 72 89 25 10 77 30 54 4 0 30 121 70 42 22 62 29 16 56 38 17 64 106 18 109 20 147 63 6 95 37 40 4 0 7 16 
69 10 1 133 62 3 24 79 132 131 28 8 43 22 8 117 31 77 127 4 31 31 180 29 111 65 5 156 46 43 30 39 43 30 42 56 98 21 30 16 19 70 4 33 68 7 113 113 95 55 168 4 138 106 53 86 81 7 22 8 136 33 41 4 19 38 68 50 106 65 12 17 10 8 67 0 76 27 2 8 44 127 62 66 69 36 8 12 10 48 48 9 5 170 128 128 68 115 43 138 90 78 55 32 32 16 12 4 108 19 36 42 54 63 81 51 75 23 0 42 12 56 14 48 79 102 92 33 47 
49 85 27 34 6 38 68 56 77 23 44 102 111 113 79 77 48 59 22 73 42 26 16 8 7 58 18 39 35 46 29 30 69 34 66 11 52 108 84 63 29 56 47 42 18 73 51 86 71 42 66 98 18 10 59 101 51 79 20 5 58 46 98 32 132 103 17 149 22 44 56 113 78 44 25 69 0 82 67 159 2 28 6 175 76 111 0 24 128 39 35 81 86 10 42 67 92 9 7 27 11 77 29 79 18 65 17 7 12 179 5 116 27 59 163 53 70 47 74 69 74 31 12 71 84 69 140 85 34 
45 8 124 61 7 0 61 10 24 101 53 125 54 5 18 7 47 26 9 8 45 83 86 51 64 25 46 40 52 31 40 63 16 44 4 50 42 75 18 60 21 28 79 8 29 31 35 4 13 18 111 50 63 45 6 36 183 11 113 2 3 84 11 84 15 27 31 48 27 13 3 89 44 66 3 99 85 0 60 16 88 87 5 59 16 1 6 104 57 17 111 67 41 112 33 21 45 35 28 5 98 34 22 73 62 29 2 12 40 40 40 23 118 77 59 4 23 65 36 115 14 9 36 126 46 3 38 25 22 
12 100 0 100 51 113 15 2 30 65 5 1 8 5 22 19 97 9 11 38 6 13 40 2 125 9 94 24 36 104 9 11 13 47 10 101 85 1 4 23 42 71 17 88 90 8 88 171 15 13 51 10 118 9 15 21 6 6 51 98 150 62 32 43 46 21 108 11 162 146 25 20 13 0 71 5 69 21 0 23 72 128 0 101 52 49 30 65 14 10 147 94 9 34 2 178 43 117 14 127 42 85 8 28 114 3 23 22 29 18 45 27 95 5 49 142 15 37 13 12 1 57 96 70 1 93 24 17 9 
78 24 27 15 68 32 36 89 18 48 2 30 12 22 56 19 11 50 41 83 23 8 136 23 33 10 121 64 55 11 29 41 81 15 17 62 68 42 104 20 16 51 11 159 75 52 13 153 2 93 77 14 80 56 65 1 1 8 87 86 117 90 54 140 4 11 11 32 162 138 66 0 12 11 84 4 159 29 3 0 76 90 36 41 20 2 5 63 26 9 85 47 23 63 12 115 71 107 23 90 64 55 53 32 42 47 52 17 148 11 24 27 71 142 10 40 116 15 61 55 21 86 60 28 55 19 26 45 8 
96 119 38 15 19 55 53 69 92 33 70 123 59 64 24 81 9 88 0 51 42 28 4 9 45 43 24 17 95 18 67 42 63 14 29 51 63 63 2 33 67 15 57 27 133 125 14 79 7 18 44 158 25 50 146 6 68 52 51 43 47 56 9 57 99 33 1 44 14 46 102 94 34 27 18 31 10 57 95 104 0 1 3 51 11 51 91 6 20 79 55 107 121 7 23 16 57 3 12 11 16 86 51 77 17 59 76 35 36 29 7 72 1 6 2 38 77 43 26 125 90 70 6 81 44 4 8 44 37 
38 32 8 56 53 9 4 14 94 85 32 113 36 41 67 136 48 38 3 105 43 40 121 68 120 6 73 44 60 12 90 13 163 59 37 106 10 2 16 102 52 26 21 20 9 180 49 4 21 85 2 97 8 51 65 85 26 66 7 139 135 83 96 0 160 66 15 103 121 118 109 50 98 105 99 29 79 25 45 155 17 0 149 38 78 27 42 72 8 92 7 22 37 65 5 128 152 42 108 99 52 190 43 24 68 6 31 30 0 143 97 168 5 160 154 61 169 28 68 70 45 127 109 26 168 44 131 111 111 
17 2 28 30 13 109 33 69 45 112 34 40 7 42 65 0 53 27 66 24 68 14 23 46 40 30 56 32 17 24 90 30 23 23 17 21 10 65 40 23 21 19 37 83 46 32 63 175 21 8 95 115 50 51 37 30 41 19 113 17 2 66 42 52 26 14 7 38 121 13 133 47 8 9 7 61 95 0 74 71 35 112 0 67 1 2 40 120 45 14 47 110 22 31 57 68 61 48 0 7 93 36 0 21 50 42 16 42 70 9 69 35 98 27 13 131 24 92 19 87 43 17 85 22 35 1 36 22 22 
1 46 79 125 27 40 68 114 73 167 46 27 65 23 23 66 90 12 34 98 37 52 39 92 91 26 4 37 75 41 36 30 12 107 3 76 101 42 130 9 43 20 54 54 17 13 55 171 43 31 191 99 150 11 13 27 84 31 114 36 30 45 19 11 15 30 53 2 57 12 105 12 113 12 21 47 66 13 94 52 71 65 63 0 32 12 46 103 32 0 19 34 6 13 131 132 10 92 25 85 106 72 3 32 34 66 102 72 92 87 91 31 203 33 13 33 61 63 35 109 36 64 25 23 14 26 7 46 78 
26 2 7 26 20 87 72 15 33 54 43 73 9 87 57 10 33 5 3 22 43 8 18 65 34 53 110 80 59 27 93 103 34 4 46 85 132 58 35 7 22 5 19 92 17 3 0 5 67 52 119 59 115 15 3 12 14 10 63 0 52 31 21 78 20 15 56 3 105 36 104 50 41 72 3 71 12 32 60 3 76 14 30 35 0 2 12 39 54 5 85 120 36 71 71 46 21 39 48 23 22 12 67 4 11 92 39 19 78 114 15 28 114 53 8 68 30 125 35 73 41 31 3 39 13 4 19 48 34 
34 14 120 37 58 71 49 70 46 116 0 58 47 24 30 16 1 16 3 33 74 18 121 93 73 1 66 46 107 0 7 131 29 60 25 73 53 54 49 6 8 28 11 67 25 33 9 85 7 17 41 98 72 37 17 12 83 5 83 8 20 29 14 69 32 32 48 47 24 9 89 1 122 48 13 56 109 7 60 32 94 56 18 23 3 0 15 59 67 3 167 121 32 2 56 111 20 96 17 14 34 5 20 75 58 68 74 13 46 40 40 35 13 23 65 61 21 69 30 6 22 32 11 123 22 3 5 54 51 
27 83 8 21 12 7 37 12 163 146 22 21 26 21 35 96 9 115 62 16 17 46 110 2 56 13 89 62 1 8 13 27 130 78 74 75 101 6 52 37 11 47 13 147 44 47 5 16 6 80 59 37 96 58 43 68 11 57 37 111 23 0 12 141 90 20 19 99 86 2 19 7 7 44 0 47 33 101 31 37 61 59 45 53 82 46 0 94 14 72 10 29 11 116 121 45 37 17 6 8 103 81 0 22 80 6 22 35 42 11 87 63 19 129 96 28 157 7 8 42 67 69 97 22 53 49 29 37 53 
142 25 101 14 36 1 44 32 120 32 129 145 144 43 12 20 29 81 20 49 63 137 13 121 19 80 10 4 6 124 48 36 58 5 40 44 25 108 57 66 16 54 168 0 63 28 56 10 83 102 30 18 39 1 78 61 17 26 65 89 89 26 100 19 17 54 24 110 11 58 50 117 139 100 34 46 18 84 149 102 10 77 78 7 81 14 79 0 110 78 65 111 68 3 81 71 31 23 65 55 10 79 57 7 5 38 53 51 44 25 10 86 3 87 45 27 92 88 63 55 116 39 15 133 163 73 87 25 30 
74 61 47 14 0 8 25 9 117 60 13 14 28 5 34 91 16 52 93 52 3 5 153 8 127 12 75 14 3 97 5 43 92 86 5 0 69 0 61 39 16 22 10 125 0 62 3 21 8 68 46 35 91 44 13 60 97 11 42 30 44 140 7 91 42 1 85 6 129 18 2 3 23 15 13 9 117 16 13 11 129 81 25 17 71 82 22 82 0 86 87 18 1 62 123 161 40 11 0 87 84 9 0 10 139 57 11 16 4 0 54 58 3 19 52 78 104 45 20 21 29 76 107 19 61 62 34 16 14 
16 6 134 44 36 39 45 84 70 40 20 7 25 8 97 10 62 8 76 56 78 26 85 47 17 58 16 93 22 1 73 66 7 7 38 52 10 68 115 1 35 20 49 96 48 11 59 45 109 48 114 60 52 69 4 6 46 40 37 28 11 91 27 58 38 5 19 40 136 4 78 23 58 0 2 47 31 23 33 9 66 4 8 24 4 2 94 39 22 0 177 42 1 101 51 12 12 47 74 36 21 44 11 50 78 74 66 58 5 120 74 26 129 36 55 83 17 66 21 131 22 40 94 125 23 8 11 48 71 
60 58 44 46 38 28 3 28 152 101 56 25 28 118 12 51 13 79 102 90 12 95 93 119 25 40 34 52 35 48 96 39 127 122 130 80 4 13 49 159 3 5 140 162 40 52 16 30 77 78 13 0 41 49 49 200 21 43 13 134 26 147 61 27 188 15 74 201 100 14 39 131 93 151 165 141 51 115 21 2 33 3 9 36 147 25 0 5 11 4 0 57 31 11 31 19 191 51 17 1 33 126 95 86 108 75 8 73 34 31 74 55 0 173 23 55 130 9 15 74 126 122 87 68 139 13 126 54 85 
114 108 10 80 28 34 0 20 29 149 84 20 44 18 19 118 71 7 45 13 22 31 143 29 128 49 65 76 7 168 67 1 26 91 28 15 5 5 38 143 8 31 65 109 153 122 32 32 29 36 18 2 61 126 68 73 83 75 14 145 142 87 51 116 73 68 104 87 113 59 40 39 10 32 113 55 110 65 79 88 94 34 54 162 60 68 42 38 45 80 62 0 22 89 49 37 56 122 19 2 126 119 23 10 84 0 4 58 96 1 113 28 54 127 172 49 44 8 58 66 4 24 68 5 93 14 27 0 29 
53 34 47 33 27 87 21 11 88 140 3 26 22 3 22 96 20 77 44 11 31 11 132 2 82 17 30 44 5 24 9 67 94 48 16 15 56 1 7 44 46 1 31 74 85 29 3 114 20 92 120 13 36 104 51 55 88 39 46 115 65 19 7 172 38 61 117 5 130 54 42 43 7 37 39 31 47 98 26 15 64 62 69 108 80 39 3 64 13 84 65 57 0 37 142 38 23 52 7 68 66 141 5 3 27 56 5 46 123 41 97 52 50 31 138 111 125 2 22 60 23 130 55 2 80 41 85 2 30 
73 114 90 26 37 31 1 0 58 46 80 46 19 48 53 8 13 150 36 26 55 76 6 134 31 97 20 9 133 99 51 22 27 5 63 49 13 93 11 169 108 41 163 80 83 145 0 48 21 43 49 25 8 43 49 136 65 62 21 46 15 16 98 70 27 90 16 68 3 17 75 58 11 38 127 83 13 123 143 31 2 34 24 118 19 66 3 2 118 146 86 37 48 0 71 85 130 8 95 22 13 121 5 16 2 36 96 42 65 20 4 114 39 16 208 32 138 49 41 76 123 98 19 22 47 118 120 59 31 
29 75 25 13 37 0 71 126 31 51 72 164 46 136 6 55 79 53 2 91 56 118 34 64 14 89 6 78 54 20 83 43 14 7 38 44 57 69 87 35 75 36 57 1 60 23 14 147 74 13 17 78 37 24 51 2 34 22 23 19 13 16 57 28 112 88 28 77 49 24 171 7 85 150 44 149 8 22 9 127 30 150 51 20 24 78 130 57 44 17 162 17 142 25 0 14 61 35 79 23 40 37 13 121 82 57 29 15 31 95 27 113 16 3 126 12 65 40 77 82 47 50 5 135 18 12 50 62 102 
127 111 147 52 31 9 71 6 9 33 155 157 142 135 127 84 85 66 20 22 184 19 10 167 25 67 15 53 81 8 13 71 71 37 12 17 103 114 107 20 38 66 123 10 99 95 27 117 112 77 18 23 66 31 2 14 69 103 30 27 4 7 17 21 28 110 50 153 48 11 173 83 54 112 1 51 9 18 166 145 80 149 66 122 3 23 98 55 129 94 83 54 85 28 17 0 74 52 137 21 16 0 150 49 16 10 128 10 18 55 31 6 152 1 88 27 34 61 16 185 54 45 23 81 102 5 27 33 15 
5 11 137 123 33 45 16 62 76 16 72 51 37 45 93 59 89 4 84 27 85 68 168 61 108 17 119 61 105 0 115 46 6 80 60 16 41 96 29 33 62 58 2 80 13 12 68 10 125 58 159 25 176 3 7 1 177 56 155 9 78 47 70 151 25 36 105 0 46 43 26 21 122 82 39 46 18 56 76 24 92 48 11 6 13 17 80 181 58 0 210 165 62 36 121 80 0 85 71 53 78 27 0 106 32 92 90 73 115 37 97 11 101 58 5 174 4 79 10 140 46 49 94 38 15 22 31 34 91 
53 29 31 4 74 24 56 6 69 14 94 87 51 39 79 39 31 53 20 59 8 111 10 133 35 9 13 21 97 50 2 59 50 26 67 20 28 17 51 52 49 41 36 1 28 46 3 50 75 1 20 103 21 44 137 54 7 38 59 43 50 40 1 20 82 76 8 41 28 8 38 135 125 103 66 67 2 58 20 0 17 81 64 38 89 61 97 14 34 3 74 117 106 0 5 3 119 0 68 5 19 35 97 89 4 34 16 64 21 152 15 125 45 64 93 52 6 29 18 8 21 28 15 14 57 10 113 14 91 
73 55 34 107 31 72 3 7 142 149 18 8 5 2 27 74 37 47 75 38 46 3 65 4 73 14 24 31 25 18 3 31 108 6 24 19 45 2 44 45 17 63 36 40 47 44 25 150 47 1 75 22 108 3 86 10 109 26 35 19 112 84 18 109 57 13 65 17 156 122 23 8 23 22 33 14 76 85 3 44 51 25 56 36 40 37 35 91 3 57 122 56 12 66 60 76 97 92 0 94 68 96 16 13 48 13 7 15 81 27 54 15 97 133 23 105 80 10 10 66 33 88 82 24 42 15 81 4 21 
115 61 6 7 64 17 43 38 66 22 58 64 77 24 76 16 22 74 1 48 101 87 34 38 1 23 21 14 102 98 40 77 53 26 62 27 57 53 53 69 35 30 58 47 82 12 14 105 40 0 52 58 73 3 27 72 23 53 66 41 11 8 71 1 90 45 13 10 41 11 122 100 78 124 23 89 24 2 31 124 13 129 51 123 63 52 71 37 98 87 35 55 121 31 29 15 49 19 97 0 9 38 88 69 8 40 40 33 12 14 8 108 96 37 103 18 73 53 38 139 89 55 37 124 122 33 60 73 68 
148 121 90 35 8 48 77 49 64 18 124 63 98 4 104 92 68 93 2 21 97 126 3 87 37 33 53 29 56 150 127 35 93 47 99 19 33 46 82 25 4 71 162 59 71 83 68 51 82 46 101 18 57 30 107 68 56 72 65 91 16 41 6 6 140 51 59 94 5 14 68 74 163 40 70 13 4 107 57 99 5 12 52 88 76 39 17 4 130 45 45 53 45 12 35 47 149 4 33 28 0 97 124 5 10 26 114 7 36 4 28 50 2 64 106 38 21 19 86 109 142 39 0 29 146 83 86 33 110 
38 8 130 59 1 41 21 129 0 85 9 27 100 91 1 33 7 58 49 24 42 24 7 10 15 11 40 126 109 49 59 85 6 57 55 66 168 116 14 86 77 28 73 10 10 47 39 128 81 21 98 156 0 39 62 5 193 25 116 12 2 11 0 62 89 30 36 57 0 8 99 102 129 139 14 103 43 18 116 117 110 128 50 98 34 33 19 0 127 7 41 104 86 88 17 43 46 11 98 40 18 0 20 71 63 110 105 47 37 116 61 71 184 67 10 37 2 34 44 168 83 1 4 51 47 24 43 65 57 
41 13 29 44 13 26 16 9 36 92 47 32 36 20 13 69 27 5 31 55 25 28 123 22 90 28 34 38 8 41 7 23 107 70 16 34 28 2 35 20 69 41 10 131 65 46 16 27 27 63 71 35 68 73 35 74 104 20 7 39 84 105 14 98 46 17 24 72 40 68 2 17 21 8 102 28 1 57 24 65 104 53 25 6 70 20 8 85 4 108 100 10 21 13 65 97 65 1 6 5 50 22 0 14 4 24 4 41 73 38 21 72 73 2 94 70 7 19 18 21 25 31 110 29 89 94 108 30 6 
39 48 25 79 20 73 10 26 80 12 26 14 34 7 5 60 23 45 27 18 40 3 45 20 103 22 14 34 1 78 37 28 85 70 26 47 110 4 53 57 25 8 25 121 110 14 60 0 3 17 10 19 52 76 80 95 11 33 27 3 96 34 8 37 45 34 6 113 134 62 74 26 32 31 43 25 93 48 33 17 39 25 46 90 75 27 37 101 1 51 27 51 9 107 39 145 40 2 4 59 11 110 7 0 105 3 15 14 64 41 11 39 2 26 45 50 80 45 15 83 44 0 56 21 4 80 110 13 9 
14 86 70 1 26 80 82 102 30 14 83 164 133 101 97 90 7 13 32 99 60 147 7 128 50 107 34 31 113 16 161 91 35 66 41 0 29 32 47 72 6 83 165 82 138 90 17 74 62 60 33 160 6 9 22 45 82 34 5 76 55 24 17 15 53 88 14 52 5 0 71 172 134 39 54 104 20 117 136 0 6 13 10 146 35 17 115 9 56 25 16 38 23 6 46 44 87 30 133 9 5 9 47 123 0 52 113 87 41 29 39 94 6 22 205 10 101 87 82 153 96 92 4 128 18 54 86 122 106 
106 51 23 27 15 33 7 11 6 83 69 37 40 22 10 64 12 32 59 10 12 17 80 68 35 40 5 48 47 14 19 16 51 55 33 21 20 47 14 39 19 32 63 91 61 87 29 71 5 55 10 44 15 54 95 59 7 73 51 77 112 61 30 0 20 18 45 133 6 69 107 95 41 55 15 55 74 90 70 95 13 49 30 80 44 20 27 78 0 3 58 59 41 65 27 59 39 62 7 29 56 2 1 32 26 0 8 6 82 108 19 20 73 92 42 5 95 50 8 68 59 97 37 14 109 32 90 10 32 
89 71 42 11 23 31 39 36 98 153 29 17 35 8 20 59 16 59 124 58 6 9 28 4 54 6 32 36 4 103 24 37 20 1 34 15 116 4 41 75 40 59 22 84 82 67 47 67 19 92 97 4 60 62 33 80 65 12 51 106 87 126 26 149 80 27 52 19 56 96 41 28 12 28 19 23 97 84 8 43 28 32 12 27 18 72 21 72 5 43 116 28 0 41 64 162 106 81 11 102 66 22 1 13 10 50 0 18 15 46 38 54 48 172 49 109 23 34 21 52 15 118 23 5 68 56 0 21 11 
59 15 41 16 3 56 9 7 22 23 31 70 35 20 10 36 8 83 70 11 69 56 58 66 24 8 40 59 35 44 13 28 15 41 0 14 99 4 42 83 19 18 0 98 114 13 49 63 1 50 15 81 22 15 47 2 79 11 60 73 108 53 13 54 53 25 33 29 97 57 111 34 44 67 0 40 51 17 16 48 14 89 15 54 57 37 34 80 36 73 15 60 13 53 84 30 14 28 33 8 38 41 0 10 76 23 38 0 36 43 29 5 82 85 58 15 15 40 5 120 66 21 57 8 54 16 54 14 3 
105 54 48 10 8 60 51 97 14 44 29 63 57 83 65 27 18 28 14 32 54 79 56 4 5 11 4 58 38 80 21 58 27 11 48 31 95 124 40 53 67 4 40 30 86 93 66 2 21 9 93 12 54 12 81 100 27 93 38 43 3 6 73 10 81 18 4 31 52 1 186 32 52 24 31 75 43 63 128 10 28 48 44 59 86 52 14 58 72 49 92 51 93 49 22 26 10 33 78 1 38 47 9 35 35 1 77 10 0 92 26 6 10 40 82 74 7 77 48 77 102 41 22 121 78 4 58 47 8 
86 142 53 150 10 49 46 18 67 150 31 9 53 40 70 72 57 93 2 91 39 14 72 4 113 86 34 113 42 36 15 63 112 47 43 62 13 4 58 36 10 75 51 141 99 7 78 80 13 90 117 9 45 0 19 25 166 33 41 28 0 144 70 61 44 75 32 29 127 141 39 23 5 24 14 22 134 80 15 23 54 122 71 102 58 18 13 175 29 43 86 1 2 125 73 62 18 120 46 127 63 12 59 41 88 0 52 32 93 0 49 48 71 88 65 147 140 1 50 42 53 116 79 64 71 49 76 17 21 
30 7 71 14 39 55 24 17 30 3 85 71 73 92 58 10 9 105 23 42 32 85 46 8 33 54 17 45 63 40 81 23 19 8 45 6 5 42 48 19 71 3 1 31 29 8 35 80 58 2 81 73 26 4 44 6 71 79 75 32 40 13 16 51 102 12 15 86 13 24 123 68 18 67 40 120 26 13 104 18 33 97 32 76 44 89 91 51 63 65 95 83 60 36 15 28 15 4 81 3 39 1 87 34 51 2 36 8 9 127 0 50 51 56 44 5 81 24 19 97 83 66 18 30 82 55 2 11 66 
50 16 50 82 12 131 41 85 92 158 5 43 15 4 51 62 25 38 4 25 41 21 99 56 106 23 114 10 84 29 48 1 29 23 12 69 176 40 90 8 8 52 11 136 54 0 47 171 102 22 141 68 4 50 20 38 10 9 74 46 36 120 3 40 1 30 70 28 18 93 85 14 60 40 58 30 92 13 21 31 134 160 29 39 5 35 2 20 11 5 13 79 2 145 2 59 27 101 53 53 76 100 34 28 92 83 50 23 103 17 24 0 145 134 34 35 9 61 45 18 3 11 120 25 14 52 51 19 49 
5 161 38 11 46 39 38 1 106 79 125 86 12 23 24 27 32 135 60 118 80 101 38 64 29 115 26 46 22 53 45 22 9 51 59 93 22 75 7 161 43 91 80 75 230 128 21 15 27 19 8 100 14 50 188 32 5 84 9 103 108 0 22 101 128 82 2 113 79 56 20 42 49 114 0 45 85 23 140 26 24 4 42 125 70 169 1 3 50 152 5 34 2 26 93 60 158 90 28 12 12 43 6 26 49 81 39 78 115 60 109 104 0 16 186 37 188 23 55 71 5 180 58 50 126 73 174 42 27 
50 0 147 14 79 55 5 89 1 27 128 211 59 101 74 81 77 123 31 75 93 149 5 61 13 0 64 111 117 64 153 110 76 21 98 96 117 72 3 27 21 42 178 9 36 30 41 1 95 29 50 202 77 30 110 88 89 36 92 73 4 14 134 21 73 64 3 77 26 33 21 45 124 3 101 103 50 66 150 131 51 162 102 97 74 107 80 32 63 96 86 25 158 84 14 1 43 0 97 20 26 65 115 114 68 115 152 96 29 35 50 160 137 0 90 83 61 163 24 42 46 26 18 96 92 51 66 91 40 
0 50 127 72 27 191 82 1 54 6 17 55 56 83 62 85 46 20 48 15 176 11 34 86 149 66 23 185 90 38 83 116 99 74 51 2 65 89 56 42 64 49 54 58 0 53 89 146 73 59 41 111 47 23 37 40 217 41 118 18 142 51 28 44 31 71 114 0 135 122 98 33 56 83 68 96 52 24 15 33 117 81 69 2 27 55 104 104 116 10 95 14 91 115 4 41 10 12 28 98 7 79 79 127 118 136 38 108 66 69 11 46 37 58 0 156 58 26 3 54 35 61 78 82 26 51 11 66 96 
82 12 60 54 3 32 65 14 137 14 126 15 123 73 40 52 39 26 29 28 29 27 35 54 92 8 25 2 15 131 15 17 55 56 52 28 4 111 21 148 16 4 154 73 169 159 6 50 43 14 19 57 12 82 49 47 48 14 4 43 109 67 93 96 115 71 24 151 36 24 22 81 87 19 66 144 22 132 71 11 5 46 107 53 87 3 37 16 37 143 17 68 5 22 63 65 181 44 61 36 20 70 48 84 14 17 72 32 0 143 7 141 7 67 99 0 56 40 43 61 85 94 19 97 112 79 137 107 5 
19 29 86 28 62 89 89 38 23 106 41 29 0 68 115 2 88 39 25 76 56 35 106 113 1 82 70 8 5 24 145 154 2 46 58 67 60 100 55 59 61 62 101 66 30 9 102 101 26 18 130 144 77 21 55 17 33 92 131 18 0 65 78 90 24 61 49 32 50 50 138 57 123 16 11 62 18 21 62 36 79 130 35 54 26 23 21 10 53 21 21 158 6 50 44 52 28 104 100 47 70 12 30 47 120 85 29 0 5 122 55 84 125 39 58 43 0 32 66 189 1 7 30 114 2 16 20 67 85 
80 106 18 58 11 15 34 37 46 130 24 10 6 1 0 67 65 25 29 80 5 28 68 4 31 23 49 89 6 139 22 32 114 93 60 89 27 6 26 105 94 56 46 42 54 112 25 114 51 33 105 31 51 12 29 100 99 54 65 139 5 31 58 155 70 56 60 155 19 60 3 73 31 44 50 30 6 73 35 73 78 48 93 104 56 46 5 126 15 121 77 25 37 138 72 145 94 112 31 124 22 58 32 7 133 12 25 8 79 37 99 89 62 11 100 96 148 0 38 8 93 80 27 4 85 46 109 77 63 
2 81 66 6 1 26 13 12 90 24 14 43 4 10 24 24 19 25 91 4 13 6 96 41 68 8 49 63 25 51 23 65 44 6 6 5 82 31 29 60 5 6 13 88 111 30 16 109 19 12 92 36 81 25 9 30 116 3 19 45 6 64 2 40 65 20 56 94 8 75 73 25 5 43 12 21 87 6 9 34 68 66 25 58 38 44 47 84 14 44 121 29 39 3 64 85 48 78 23 3 65 40 39 19 112 21 36 13 45 10 26 3 56 47 66 83 16 68 0 98 39 11 62 63 33 44 25 5 5 
67 174 11 121 80 40 10 6 91 51 89 35 14 34 23 23 11 28 47 44 6 9 221 12 46 115 112 160 13 11 48 21 102 60 115 19 71 15 37 72 37 78 83 121 161 126 90 165 18 47 76 20 83 72 35 131 141 49 18 7 228 192 16 57 85 63 129 20 87 200 4 77 26 70 138 60 93 88 46 78 123 52 1 29 72 124 47 12 0 149 68 57 63 46 202 147 95 97 45 145 155 172 64 9 131 18 7 73 200 24 127 31 74 245 109 27 77 15 12 0 48 11 146 9 105 46 130 62 61 
38 20 104 0 43 48 30 51 60 59 4 34 7 11 19 71 32 17 135 31 75 1 61 26 124 2 6 79 28 38 9 82 15 40 25 28 13 18 94 10 26 80 12 124 40 10 115 88 83 24 132 38 108 100 41 22 94 16 23 25 42 18 38 114 14 18 102 48 111 0 3 8 65 21 20 23 90 62 4 28 123 81 2 26 12 2 69 18 9 46 33 75 11 19 6 128 32 16 38 71 48 100 53 30 66 3 37 22 99 24 98 2 112 70 12 118 72 81 22 68 0 59 68 98 4 62 34 4 2 
53 21 0 10 74 78 21 82 21 44 37 141 58 44 47 26 2 30 73 33 7 87 105 85 19 16 18 91 67 36 143 50 14 27 58 37 111 13 127 5 41 3 45 47 11 36 89 187 101 20 36 45 134 44 43 12 13 56 11 6 58 19 56 39 16 37 16 40 99 25 142 70 96 18 12 27 63 16 117 114 7 65 42 0 49 15 23 40 121 6 120 99 10 112 22 1 20 43 86 34 22 11 99 85 65 31 19 30 17 45 47 11 159 70 75 96 5 8 50 73 40 0 103 48 37 24 9 18 70 
59 88 59 50 52 37 73 84 0 6 59 103 40 126 98 5 62 129 26 28 12 123 0 91 26 46 45 11 73 106 75 40 39 2 86 34 60 21 37 103 23 1 34 54 92 134 36 83 20 70 85 75 51 16 75 134 10 94 39 7 5 42 110 28 108 26 15 179 4 29 187 73 143 52 46 14 4 38 110 77 16 112 75 49 35 85 46 16 1 35 37 115 90 9 62 33 56 14 81 36 0 24 3 66 8 12 1 4 31 116 17 38 40 59 41 30 32 139 34 105 103 11 0 48 38 40 22 24 52 
116 119 5 101 41 26 53 30 62 117 2 48 84 45 40 67 37 90 101 18 5 18 14 33 47 16 91 34 17 52 26 12 63 28 48 46 89 36 14 113 63 8 91 139 7 5 9 89 9 17 79 43 56 21 112 23 71 58 39 24 12 40 10 51 124 32 89 3 93 92 29 2 17 15 34 66 121 107 71 90 119 15 23 101 58 94 20 72 41 39 41 16 13 99 67 16 157 28 54 72 76 82 4 38 21 47 25 49 123 67 12 12 6 73 114 14 163 7 61 37 103 84 104 0 50 93 67 63 30 
14 21 129 37 2 63 67 95 99 47 60 102 34 42 102 35 17 16 51 46 136 33 155 53 26 20 51 1 60 5 86 77 41 68 9 16 175 72 129 14 3 65 54 104 8 7 73 152 100 44 52 34 151 40 2 21 193 8 55 45 110 45 20 151 8 26 20 18 112 3 3 53 16 38 41 25 60 25 3 53 50 101 19 12 12 18 92 140 53 19 175 21 85 129 54 62 15 1 67 38 53 30 19 43 140 50 62 50 18 14 38 31 10 3 13 74 7 63 0 114 39 59 98 84 0 19 42 36 80 
12 0 7 45 51 87 69 34 32 63 57 77 21 91 6 13 30 13 38 25 58 24 47 91 8 29 71 97 26 30 105 127 6 14 28 28 162 78 83 47 36 31 4 72 30 33 121 138 62 31 80 51 27 40 13 17 61 66 90 7 59 67 31 74 2 22 40 24 17 28 51 22 39 8 3 36 84 5 97 17 46 28 1 13 25 0 11 0 30 12 23 24 62 96 21 80 46 60 26 56 58 29 105 25 89 33 54 20 16 53 39 57 169 107 51 60 7 49 65 175 8 3 113 87 25 0 4 19 41 
19 3 0 100 95 43 52 28 64 79 67 19 75 64 63 21 46 14 23 72 2 15 23 72 49 14 15 153 139 7 41 162 17 20 41 58 32 57 116 51 62 82 66 27 44 48 6 170 78 8 75 50 153 5 17 11 187 70 169 33 89 87 15 38 6 18 30 29 149 83 70 83 142 17 30 54 115 11 59 84 140 192 40 10 36 16 5 106 17 1 200 33 109 42 23 12 5 81 116 17 129 14 75 90 102 89 39 16 55 16 102 2 89 84 37 77 26 57 35 37 80 0 131 80 14 21 0 54 99 
47 75 18 20 6 26 31 64 64 105 14 20 17 5 17 48 2 17 5 4 47 14 57 23 76 1 41 75 43 35 37 7 57 51 16 17 69 15 65 44 10 5 2 115 97 9 19 66 16 10 31 77 48 55 13 28 94 17 25 64 23 90 7 126 32 25 2 32 93 55 53 15 22 22 62 34 71 3 27 9 55 72 5 14 53 41 63 39 28 6 124 75 30 115 104 95 53 91 9 12 85 23 11 6 47 2 33 19 8 72 35 22 6 16 58 22 60 31 7 36 3 38 45 29 59 27 17 0 7 
45 89 27 15 13 36 3 28 96 82 23 36 21 18 26 15 32 66 62 16 4 10 76 11 109 1 54 95 38 35 19 11 80 56 11 34 78 22 4 42 22 35 39 8 47 55 30 123 46 56 136 4 29 87 43 66 134 12 86 6 119 102 4 129 31 13 9 38 1 2 32 18 28 1 69 32 83 57 18 23 19 91 19 39 16 0 11 8 20 48 90 57 23 6 80 99 25 42 1 81 68 84 12 8 123 31 10 21 66 33 11 44 26 9 27 55 89 1 6 69 22 84 57 16 58 54 52 1 0 
