410.59029332703534 621.426942056043 
-82.64813979712771 -139.58618292171843 
-461.0442841010909 -853.3227086716859 
-278.9951836035025 702.1699557767494 
406.12839392703745 -975.5007612944527 
-257.2449036762776 577.066607136268 
796.9483853397275 518.2780796457627 
-591.8589726399262 278.50553385051626 
-358.824406887996 -75.94609125924224 
636.5028601385084 764.6358301132268 
777.269305210489 749.5194073894955 
-752.3657271917283 833.0947100148254 
-571.9289852222312 551.8429017464406 
-132.60864088949575 -104.52443410061551 
74.4370657137674 -450.2702992729588 
-346.12427119630553 -481.5394981939451 
652.8522012597118 -885.6826403921185 
-984.8095546872388 954.000056355923 
469.1989251278843 -362.45365503259274 
-945.3769914048875 585.2728387331914 
507.5388683029813 -582.215669216741 
509.3500860355611 366.4983539613302 
989.3724540473154 497.3250638346551 
290.98854246272964 -956.5737417197602 
-833.5084509108548 755.6951982107284 
-525.228384331899 310.9041680398119 
-799.1500791713013 -434.51399941379856 
-171.30843773477068 933.8155608828358 
42.24125298161496 0.8832127004210211 
-863.4378279844534 -71.69613887202631 
-874.1414616602996 -943.7410101056689 
-448.921499154791 -512.2838322228778 
-728.9615098140418 -883.3240679766012 
-79.04558641834436 -698.8844142184703 
860.704837149755 -134.80170606421748 
-418.9058860348809 946.9482433379486 
-140.50749674988916 -835.963929983037 
-757.6382171378937 145.97382552189876 
-268.6849807722957 914.2541257326473 
-156.36404335925926 593.1544051350668 
940.5719609448262 -765.1487744784786 
540.0849583760256 877.8979927462227 
-618.6223006194775 -858.913306387878 
469.3020493804969 -852.2636250455473 
50.84726955909824 576.0294634509304 
44.75703727333769 625.6517898949214 
109.33804733472297 -800.0049240856821 
-553.7398767783009 162.5501981403188 
-643.2445375070872 -590.4800994841528 
610.7367030850805 -911.6461087277956 
-380.4929212215538 401.891023281687 
715.3780408136791 181.24197648426232 
-486.08139212853473 -188.15064594888108 
-832.9732294881327 334.6523253148221 
488.58850085265294 227.8504223260307 
-185.75787882907812 20.512298030731955 
-595.1812743825656 299.0832351920278 
556.291126972513 853.5886704125551 
-811.6924446361693 -996.3306821045004 
400.69382534878196 -572.9303414040694 
347.29005145562763 -814.7887645859395 
-658.8334613135276 -159.00903340523476 
409.9203103459079 -780.1290213127683 
838.1413098389288 -496.62434665750334 
89.28684045093816 593.3586445950511 
-142.46184772357174 -450.7917130300616 
-282.4080666281468 -419.45272613923333 
-561.130179589253 -250.23498546459487 
528.9263077783748 -476.92273421850825 
-144.8976860640887 -824.8222284074474 
370.93767574490164 255.76028285359652 
39.91327318265392 -377.27372500123414 
39.59105928825868 -635.8199943690286 
52.734737843178614 862.4116578365051 
-21.376170078616585 209.12076690642388 
45.41219520485318 420.33663760713426 
-468.30727194116093 332.09606250785 
384.02750131674065 -935.5541514446132 
325.2009768011002 -895.9980696924334 
-868.4363448237204 -798.2251434226669 
239.07330305926132 -232.3502775617632 
-212.84275583606725 549.2092685270611 
261.26598820051527 -90.51954978219179 
-751.306551900728 253.72572924618964 
943.3392808756676 531.2626215735447 
-826.5702867411502 202.89021066699874 
-51.05608655057403 -523.5819334937623 
-200.65992463110493 699.8986388458044 
-414.0403286714052 -260.6585296654926 
-614.9519497114089 -759.6703665823666 
-449.7343900214197 786.6537302431316 
539.0803963500188 76.51223367536898 
-444.3741356996689 -825.919952167453 
829.5730910274144 220.44339223098697 
-659.1192285910889 -971.6989960173577 
-606.2269609463083 16.61122573918061 
-866.9762961309801 -835.6214540545286 
113.91540102410724 754.1319879106811 
-607.5002351299607 -768.9596106214285 
-247.27488229283367 -364.9965594204798 
-220.92912356783123 -602.7540738482096 
265.4295473133665 167.45553205457918 
159.8881509721326 -45.5453488706119 
-141.91948801918562 -371.7199180885149 
579.0167528006211 590.4338894250636 
762.2167686895395 895.8284424888951 
-160.39441227324835 -44.76432094440908 
28.7359051205458 -811.4763653174298 
379.6625606558093 165.9966899820755 
-324.6065726278857 -389.44670142493965 
418.6259826025758 770.9047532196231 
742.5151764884781 259.3386449697483 
293.47561807286723 502.5477771825906 
546.3906866484258 -74.47846346597275 
-773.9810904186155 689.5737212439335 
-91.5142783251468 -184.2162355784913 
507.1877689437749 -178.58093817770458 
416.1876324190998 916.1303212695752 
-308.9399688532457 352.02277841126596 
898.6084665965193 -430.0754635313249 
-469.09894630491067 687.0022320791988 
466.15446953595165 -310.81081638617223 
299.8396384835831 642.5263341018077 
442.849259590435 -888.9168678684838 
-911.5007812213187 -787.671635162324 
398.2672066437884 577.502007461413 
-102.95698175653234 617.6745191834893 
-272.21308633177375 762.866558090741 
680.6744198625167 -50.83315177681968 
-247.20684674323135 618.7400840205735 
