0 85 61 10 129 65 27 47 14 15 12 63 66 58 8 68 36 103 5 75 63 6 6 18 48 58 158 2 29 105 103 6 32 129 85 78 98 101 5 35 8 8 135 71 27 20 122 52 99 62 28 5 5 120 15 44 84 17 138 29 116 28 78 43 0 14 65 21 75 94 21 65 73 36 25 12 54 45 70 163 17 30 39 27 13 73 72 48 44 78 0 40 64 46 8 24 40 18 17 64 71 26 58 81 5 19 40 128 45 121 8 48 15 15 7 88 4 13 6 78 69 64 6 105 85 2 38 32 11 64 
28 0 26 62 38 11 60 49 13 15 41 47 24 2 3 6 82 7 17 63 25 72 41 1 113 31 35 62 14 51 28 18 57 41 5 53 34 59 23 47 23 86 83 40 63 56 48 10 27 38 26 20 25 79 50 14 53 25 57 48 48 1 13 89 34 30 31 30 67 31 13 19 40 44 28 46 55 86 77 8 30 60 29 43 47 58 8 4 29 47 86 4 57 17 72 2 31 67 76 23 10 1 14 3 83 81 0 1 47 33 84 11 56 8 38 1 18 75 19 16 20 49 77 57 17 49 56 0 62 65 
38 38 0 24 33 86 135 50 7 183 159 126 131 75 55 0 53 59 54 140 28 120 9 56 19 85 4 159 96 66 32 16 14 27 39 176 11 77 176 118 122 103 15 82 66 25 40 31 9 67 100 96 12 30 61 51 44 182 3 61 61 67 61 129 102 46 33 57 70 20 114 48 45 144 106 83 70 65 16 35 87 40 0 29 124 101 3 107 49 10 32 36 2 9 0 59 16 69 4 0 24 42 15 21 36 160 18 23 90 41 88 27 70 27 46 45 41 45 73 9 9 6 114 16 4 126 68 92 89 53 
8 13 93 0 109 10 47 15 57 54 67 41 5 16 93 34 128 45 38 8 42 10 120 142 2 29 18 11 15 95 32 16 40 69 13 7 94 61 20 13 74 40 96 7 15 26 116 59 85 84 17 8 70 54 52 68 14 30 34 2 10 23 14 14 6 69 3 81 114 125 7 6 29 1 9 35 15 129 16 9 9 2 89 31 103 10 104 5 4 113 0 87 89 83 169 52 45 39 24 60 119 40 28 63 31 25 21 42 73 58 0 12 41 94 12 56 25 14 2 68 7 119 39 54 44 47 18 3 41 2 
15 64 32 40 0 89 139 12 49 58 114 8 163 67 27 27 1 19 12 65 7 95 5 7 28 51 115 130 31 36 96 82 93 51 10 163 13 52 197 28 50 178 56 3 86 46 27 87 101 13 69 113 66 88 12 69 138 42 9 35 12 59 4 28 75 29 1 45 15 33 90 49 17 38 73 25 90 3 10 125 1 59 78 59 74 51 7 7 59 7 190 40 42 56 44 66 25 33 96 80 46 75 8 47 144 106 60 19 58 39 79 40 125 50 138 88 45 99 84 54 115 48 43 6 100 77 123 99 3 126 
26 7 61 6 111 0 35 27 27 6 54 36 0 45 31 55 12 67 27 33 130 74 3 47 44 25 13 20 16 80 86 25 81 73 80 38 3 17 5 9 32 73 45 51 8 24 137 23 79 21 15 38 8 30 5 22 16 10 12 17 2 8 78 6 20 53 41 8 95 54 53 21 27 2 3 5 12 67 7 125 65 3 62 21 36 9 90 12 44 128 11 13 34 9 78 18 136 34 122 35 53 28 29 1 51 45 12 51 48 90 44 65 36 35 47 24 97 50 22 74 10 93 30 20 132 38 11 11 34 3 
6 2 106 106 75 87 0 113 126 12 3 78 11 103 117 107 69 142 87 99 64 32 15 12 125 111 168 17 84 59 9 44 106 130 18 120 18 143 24 34 37 7 127 124 40 46 82 131 52 107 94 17 51 46 38 85 130 40 40 28 24 17 0 59 18 30 44 138 43 84 34 75 108 38 23 16 64 147 120 19 27 48 17 64 1 42 7 49 14 18 28 14 170 11 151 3 41 44 144 12 125 17 66 18 14 35 103 92 45 127 38 15 7 6 121 1 8 6 0 8 107 27 27 7 86 30 53 11 5 84 
83 57 23 46 100 0 91 0 27 56 40 54 19 26 84 36 46 61 123 39 88 49 56 44 27 3 25 4 59 36 76 5 48 7 83 24 110 10 8 27 34 75 22 55 69 9 46 6 41 110 11 83 38 14 33 45 1 11 30 89 18 31 42 4 74 43 12 10 124 54 2 7 96 44 4 34 1 140 6 32 16 19 28 1 4 0 13 50 38 10 20 73 49 28 73 20 5 59 25 31 41 56 20 57 63 81 20 10 25 36 38 55 36 17 25 59 3 37 12 91 16 50 66 9 8 72 42 4 60 11 
83 15 47 67 89 38 4 24 0 92 130 63 18 9 42 22 116 45 74 32 68 79 127 17 41 0 16 1 25 46 100 5 16 20 36 62 48 19 30 30 120 123 5 75 51 13 58 8 42 42 45 98 5 33 55 2 20 69 53 72 32 4 78 74 44 37 21 23 77 69 71 12 32 35 34 5 34 79 89 79 41 60 40 44 36 13 27 44 8 32 20 64 64 28 52 9 66 74 29 16 2 31 16 21 24 42 14 48 14 4 19 39 53 41 58 21 8 81 5 33 60 84 5 28 16 17 61 81 48 54 
3 73 85 1 39 22 5 54 43 0 9 119 8 68 2 146 3 117 27 18 78 13 1 25 130 58 109 39 74 43 139 75 18 160 79 62 17 55 27 29 40 6 13 156 15 11 116 19 75 119 22 31 139 99 3 46 7 6 204 98 61 32 68 4 39 134 82 12 17 50 11 90 137 2 16 8 59 144 43 198 98 41 58 57 34 50 75 9 78 71 98 22 191 22 93 87 191 28 71 2 68 11 19 105 5 9 20 96 33 50 5 6 16 9 123 109 27 5 80 24 95 105 13 120 16 8 12 33 20 1 
13 30 48 59 147 72 6 91 21 9 0 22 80 18 33 18 95 74 79 48 28 18 3 103 158 28 130 34 36 138 205 155 109 15 29 6 158 33 73 58 116 11 58 150 31 3 162 35 182 119 47 32 157 56 23 53 133 11 216 33 62 97 61 103 53 41 64 15 88 55 40 91 35 18 93 16 63 132 14 23 72 66 98 89 17 130 117 50 69 126 117 33 14 11 103 79 174 41 163 42 100 64 76 105 25 13 121 49 48 40 31 33 27 73 44 27 94 6 79 37 26 103 9 1 94 22 75 4 7 83 
24 1 122 33 136 36 62 45 29 124 46 0 20 79 104 19 107 10 58 20 106 17 120 98 8 55 23 20 42 62 148 109 23 23 35 3 22 15 19 40 117 58 145 181 68 2 28 6 73 84 11 98 4 0 50 17 48 129 71 83 98 93 112 123 78 63 99 89 136 58 82 2 28 40 73 40 54 199 155 70 20 45 22 29 49 15 39 12 84 117 3 20 38 161 31 5 157 70 51 13 94 35 107 69 84 43 20 11 61 44 34 51 7 90 13 17 152 101 13 27 25 5 88 43 64 1 2 41 27 37 
44 19 53 7 6 27 46 13 39 111 12 13 0 64 4 71 29 15 17 33 74 67 51 18 25 13 100 40 36 43 91 66 137 0 53 35 35 32 37 29 129 62 34 30 8 58 4 16 100 54 4 116 57 28 100 18 19 52 121 33 80 28 65 161 1 44 68 11 25 93 48 50 68 61 22 3 4 140 117 83 84 34 36 26 4 13 1 38 14 47 19 44 11 58 137 13 24 68 31 51 27 34 10 36 109 128 61 122 86 16 39 10 75 31 14 19 109 73 8 103 5 38 40 123 116 83 26 32 25 13 
80 2 69 10 54 50 60 47 21 73 21 87 50 0 22 28 61 111 27 77 18 52 113 46 96 50 28 46 14 40 47 49 79 0 55 20 20 28 88 40 90 16 73 48 64 55 1 0 43 92 4 6 34 39 14 1 5 65 107 20 14 49 9 37 2 16 25 36 65 0 48 26 34 76 19 24 46 35 16 25 38 58 32 22 115 37 15 18 15 8 34 35 28 64 40 8 62 61 76 24 36 48 15 19 22 64 3 12 20 21 0 60 46 29 80 1 63 75 22 62 37 36 34 46 75 60 72 14 73 47 
1 27 18 59 10 103 94 16 48 77 42 47 30 14 0 26 25 17 8 110 4 70 86 46 5 54 41 124 26 11 29 50 6 1 83 137 13 15 139 29 70 99 56 28 99 104 13 16 30 1 62 34 48 93 25 32 97 17 87 33 35 65 15 31 56 15 22 24 17 20 43 4 7 127 35 83 44 25 26 48 7 42 37 27 22 29 0 67 3 15 9 29 41 77 41 21 45 116 34 8 15 63 40 22 29 53 5 18 12 28 124 78 84 22 61 9 50 40 5 47 106 1 1 53 62 30 39 116 22 32 
88 3 4 28 61 63 38 23 10 130 139 2 55 39 33 0 70 135 2 40 23 14 18 60 32 8 40 47 25 27 27 3 42 32 119 54 34 2 30 108 74 13 2 84 57 49 38 11 26 49 32 69 10 56 16 6 54 61 8 69 36 39 43 98 11 4 0 9 0 2 83 32 3 83 9 13 62 58 31 58 53 45 20 68 67 33 29 7 20 5 55 23 21 43 21 18 39 4 23 7 7 49 29 15 57 132 24 1 4 8 99 125 19 69 42 18 89 81 49 31 12 63 100 63 25 48 109 109 95 91 
93 90 107 136 23 129 113 57 54 154 148 164 41 58 56 60 0 117 12 62 28 20 31 33 87 42 86 20 74 117 46 51 44 66 8 10 0 130 20 40 16 72 21 5 13 32 2 145 26 1 67 45 114 10 35 35 129 59 91 9 20 148 21 42 144 74 86 89 5 63 4 23 28 120 62 5 105 24 5 52 28 109 80 41 19 9 6 66 51 126 20 43 26 28 79 99 110 82 19 24 77 25 56 49 106 67 107 11 46 67 17 35 129 37 206 34 56 145 92 31 51 40 74 11 54 128 46 34 40 44 
105 131 155 73 85 19 12 51 39 59 155 16 28 76 42 57 33 0 10 5 52 3 113 75 17 19 105 21 38 4 176 41 17 147 67 9 32 51 40 40 41 47 33 13 14 103 45 43 66 103 2 146 45 17 106 120 8 53 33 182 131 17 21 73 41 134 94 12 39 193 45 164 3 43 102 95 25 217 57 148 129 68 78 45 171 46 70 11 9 130 30 58 178 148 2 68 99 5 10 1 96 14 105 6 68 138 41 195 7 4 60 110 24 52 16 142 18 35 3 132 28 81 72 195 28 31 40 22 29 36 
57 43 22 104 57 49 47 8 63 43 105 80 97 29 11 66 34 26 0 50 8 64 84 36 19 64 122 35 35 61 28 68 48 62 34 150 64 74 22 37 10 77 107 45 14 62 32 34 29 2 1 21 17 31 40 33 75 28 58 14 12 107 40 34 82 28 3 94 8 17 4 20 48 10 34 68 73 27 46 8 16 104 7 112 17 133 7 79 44 113 4 22 47 26 88 72 92 42 24 43 48 48 11 59 84 90 5 28 0 37 98 65 25 9 66 4 6 20 65 13 118 2 91 19 20 70 75 86 3 51 
18 108 132 9 203 55 128 26 20 81 29 29 2 76 93 66 14 8 32 0 176 0 107 179 1 43 69 2 44 38 60 96 124 47 98 9 35 6 34 77 11 82 134 49 32 45 60 39 9 194 42 82 33 10 67 85 42 139 76 2 122 59 37 178 37 95 36 23 170 45 65 69 46 65 11 88 4 133 53 19 20 13 70 14 8 32 70 26 74 15 42 54 49 0 76 26 84 54 64 32 3 112 110 75 27 64 80 88 121 99 38 25 16 144 9 76 75 111 48 91 47 30 109 142 115 103 42 47 172 1 
106 37 93 48 33 66 30 82 15 121 100 144 45 27 9 65 15 99 5 164 0 32 38 20 123 99 74 84 1 67 41 79 61 24 45 7 8 72 121 28 34 63 93 7 86 93 20 97 37 1 33 21 69 140 39 6 36 117 5 8 3 117 10 26 42 36 10 33 4 1 27 21 41 86 74 92 84 36 6 76 44 37 5 33 40 80 13 142 65 26 36 53 46 23 47 94 27 57 110 15 36 51 59 44 114 123 64 44 37 79 119 73 85 49 151 15 22 13 62 4 141 24 76 26 60 8 70 60 38 119 
17 39 26 77 54 54 24 58 7 18 38 132 13 44 85 79 95 118 39 102 71 0 24 42 35 87 9 19 33 132 116 0 97 118 33 103 61 98 23 18 26 8 117 31 6 1 109 67 149 13 84 19 37 96 3 38 5 34 174 20 90 98 14 89 27 86 107 32 76 31 10 69 19 54 32 28 97 82 107 68 15 52 36 41 1 48 75 69 55 60 39 25 149 6 31 0 154 22 65 21 102 17 11 25 11 47 2 7 1 109 20 16 20 40 108 10 17 14 20 71 46 54 27 54 83 12 53 25 26 60 
39 20 152 10 133 69 8 62 19 36 13 144 93 29 110 18 44 191 59 153 31 26 0 88 83 94 9 87 55 142 65 59 22 149 47 65 139 30 122 37 57 23 38 97 42 85 45 14 44 47 44 33 132 99 43 6 83 18 206 30 5 68 28 76 49 21 11 88 39 27 29 100 39 96 89 93 56 66 104 197 80 61 18 162 3 72 19 7 145 22 141 0 91 25 91 139 182 25 33 44 47 54 49 114 33 18 32 104 65 90 35 5 4 6 16 21 49 69 103 64 20 8 46 148 7 20 92 38 41 59 
144 52 63 14 9 69 106 43 36 53 85 95 67 78 22 54 14 174 8 181 37 62 11 0 105 112 42 84 83 19 17 5 17 38 72 42 28 57 72 103 58 50 73 0 136 60 1 77 58 23 6 46 46 15 90 4 51 18 17 39 11 62 9 43 100 56 7 82 40 2 45 54 11 167 103 120 84 2 5 86 40 31 25 12 95 86 18 19 55 25 85 102 11 75 3 10 108 39 78 38 37 95 55 6 117 67 30 25 103 11 74 40 79 84 184 69 61 100 0 40 120 20 12 15 79 82 35 169 45 22 
108 49 158 8 79 17 137 34 70 55 69 3 4 69 94 127 62 15 25 0 74 138 115 192 0 7 96 65 100 6 86 17 158 95 112 45 58 31 35 5 105 42 67 77 75 82 49 19 50 15 14 130 66 28 104 54 35 62 37 119 10 74 91 152 23 116 117 18 77 65 121 20 45 49 10 46 17 126 137 105 23 10 64 2 92 35 52 49 6 56 9 114 29 71 24 18 105 25 88 1 40 52 89 125 70 113 74 161 65 106 58 142 55 128 1 88 44 17 31 55 18 132 106 185 101 59 17 27 166 40 
85 24 27 26 79 35 123 5 14 41 73 7 18 3 29 5 140 35 57 36 50 45 50 13 51 0 75 8 49 34 105 66 106 30 16 32 70 14 10 34 170 55 56 17 12 25 87 7 87 86 14 57 25 13 13 40 6 9 88 46 4 29 16 48 52 25 50 0 5 23 27 67 34 72 44 20 4 76 0 95 67 15 41 2 15 23 14 12 53 51 26 40 113 66 114 13 18 51 11 31 58 52 15 7 107 16 6 71 8 26 14 28 60 58 3 52 101 13 7 101 32 11 32 51 41 6 10 32 1 14 
126 62 49 105 39 75 10 36 31 105 125 22 29 13 15 13 19 62 6 33 91 111 38 85 80 38 0 5 17 33 49 20 5 10 41 33 71 9 75 61 128 51 26 113 61 6 2 21 1 43 77 149 12 18 13 2 41 31 46 106 80 2 5 135 89 59 6 8 42 33 114 40 10 81 26 80 29 70 61 12 27 34 101 56 110 8 16 86 17 13 61 85 1 164 23 14 29 13 24 33 55 84 39 60 146 16 0 70 68 16 45 126 68 44 51 47 47 77 36 128 17 125 134 109 13 36 31 15 143 69 
46 29 82 15 0 31 18 0 77 27 23 41 11 1 29 76 51 46 139 17 129 72 27 60 39 27 123 0 68 93 86 61 92 59 115 2 58 44 4 29 47 67 128 68 11 4 160 19 31 92 17 80 33 55 45 41 75 26 70 140 30 14 58 110 23 18 120 103 56 31 50 50 55 18 25 17 10 194 0 104 4 21 109 83 58 29 99 13 68 98 22 86 56 30 101 57 101 12 173 42 69 82 68 71 4 36 86 67 34 79 18 38 58 1 2 107 60 51 51 117 37 37 20 16 143 13 3 10 59 26 
20 17 78 34 72 36 23 55 1 66 50 93 10 20 40 28 95 1 52 56 2 50 58 52 64 55 43 15 0 55 5 40 63 53 29 24 63 65 67 42 102 80 67 17 35 21 75 55 5 48 42 35 44 11 6 9 29 98 5 42 48 18 30 4 19 34 25 52 64 80 31 19 22 13 12 31 12 60 45 10 12 25 6 73 31 1 34 68 15 25 77 46 6 24 2 52 30 17 85 23 11 25 3 36 25 70 18 23 36 14 60 73 52 49 8 8 46 67 34 34 68 9 50 66 99 20 9 30 36 7 
98 14 59 91 2 62 104 20 34 36 11 55 31 65 36 34 147 19 73 8 136 104 148 70 7 35 31 44 54 0 38 24 68 87 25 84 68 15 80 90 192 127 73 47 41 64 70 24 42 8 9 130 38 4 69 33 5 123 7 11 122 19 9 19 23 55 64 26 84 63 125 17 24 109 64 84 16 112 46 27 45 82 16 34 87 20 21 6 24 20 72 62 1 109 5 0 74 114 72 11 82 96 10 11 147 35 34 7 0 59 70 14 32 77 29 38 99 75 33 25 4 99 107 112 65 91 23 30 76 18 
178 90 20 27 74 130 172 21 33 146 97 68 13 57 26 12 13 62 39 38 9 160 47 12 141 103 44 13 44 44 0 56 13 58 93 95 26 81 157 73 23 23 2 29 126 84 88 102 21 110 129 29 53 23 49 48 42 198 7 61 62 45 117 170 83 12 23 63 89 0 165 35 27 33 130 87 9 20 65 8 113 5 95 45 129 64 16 15 10 0 93 138 26 66 17 62 3 105 7 19 14 108 81 81 116 241 23 37 25 76 41 83 87 59 10 83 134 10 117 65 163 45 60 122 2 54 114 21 54 156 
60 29 28 62 49 12 139 46 16 162 115 124 10 8 17 3 67 136 91 72 55 61 115 63 10 15 1 81 45 38 26 0 36 14 94 128 23 15 91 40 49 17 32 30 29 102 26 25 2 81 90 68 16 36 29 1 72 149 3 72 73 40 61 83 7 20 3 23 53 3 32 38 26 61 11 17 6 72 41 1 24 75 10 47 136 35 7 81 20 14 34 75 26 146 23 19 7 122 16 17 22 28 43 20 140 171 33 11 104 8 22 114 63 56 30 37 71 144 68 91 26 35 3 86 30 29 52 105 96 69 
100 86 13 38 41 1 187 18 4 30 154 62 101 52 56 49 93 184 92 54 40 32 44 81 20 22 18 184 11 75 9 3 0 55 111 138 48 50 44 65 149 215 7 63 111 112 70 30 15 62 17 71 13 67 120 103 35 86 11 84 47 63 98 125 8 50 9 33 64 24 36 37 19 119 83 73 100 108 6 4 56 138 34 33 58 60 50 143 26 2 11 148 28 169 3 4 5 49 1 39 51 1 88 24 12 136 55 48 88 37 90 112 76 114 139 9 95 173 1 68 107 38 163 24 14 138 149 72 41 84 
25 15 25 30 18 36 60 56 2 3 162 0 55 37 2 33 62 49 25 141 47 66 4 14 117 108 71 92 26 92 50 5 36 0 82 94 9 85 5 121 101 37 41 32 6 53 15 20 34 62 84 27 22 102 63 24 43 129 10 36 42 43 5 30 23 22 15 22 28 5 88 18 9 78 37 72 104 5 12 15 1 112 28 107 56 89 15 86 49 49 3 42 17 52 0 79 18 98 46 25 14 22 65 32 129 77 38 10 23 32 85 75 66 78 96 31 19 161 72 87 4 59 29 10 41 33 9 47 63 128 
39 79 132 121 77 104 24 132 3 12 11 52 60 93 34 21 12 159 15 37 48 38 44 8 58 37 37 7 53 98 122 62 92 91 0 137 3 148 140 8 3 49 127 2 34 35 55 62 89 19 63 18 125 97 43 77 117 55 18 0 74 137 76 15 92 84 9 68 15 98 13 50 88 21 22 45 47 21 32 21 52 6 58 107 32 127 31 92 69 2 138 24 56 9 172 109 134 13 54 0 53 9 0 83 38 34 92 44 2 19 1 30 59 20 155 54 5 88 58 0 79 4 47 82 23 78 65 126 14 105 
78 74 103 22 18 2 40 54 57 80 105 10 24 55 117 62 42 56 156 4 45 102 105 64 30 6 23 10 92 81 97 125 36 44 30 0 21 55 4 43 204 9 100 130 11 29 93 3 9 44 3 106 84 62 72 53 14 33 83 15 79 12 47 121 37 45 21 87 9 120 92 61 154 47 16 14 58 49 154 104 115 8 4 49 106 36 1 29 7 95 5 72 107 81 187 17 5 49 140 92 36 52 96 107 8 70 35 99 96 101 74 39 75 126 13 29 91 29 37 114 6 29 24 52 55 85 16 4 82 35 
36 43 6 95 42 137 157 2 74 127 105 158 125 42 0 27 53 47 61 50 6 23 152 43 31 101 7 89 59 2 68 19 19 4 30 112 0 37 142 95 94 96 21 54 47 0 3 9 46 11 70 12 64 22 22 0 74 2 34 54 41 22 4 96 36 22 38 5 12 0 21 0 26 68 10 74 50 6 31 57 35 20 22 103 148 54 21 143 61 18 29 38 2 103 26 30 66 151 0 25 7 24 2 4 80 150 12 2 75 38 43 30 71 91 22 0 85 32 113 47 135 5 153 2 69 34 68 37 112 5 
124 7 19 64 73 9 141 6 27 100 113 0 1 8 1 12 157 32 0 41 141 116 119 84 11 23 0 19 46 13 67 12 6 17 64 23 92 0 48 51 184 56 60 88 84 27 79 3 22 139 21 110 27 10 85 10 9 43 69 78 94 13 132 87 82 44 20 28 105 60 46 85 86 82 64 37 7 152 35 41 43 12 65 1 172 2 95 14 1 85 20 93 32 113 0 11 20 69 86 65 38 57 34 58 28 20 3 4 53 19 126 135 3 29 29 51 34 3 43 150 27 19 108 2 55 102 2 74 140 53 
61 72 84 15 99 18 43 5 13 25 87 17 43 18 7 1 53 43 138 6 17 64 27 26 8 10 115 3 52 79 7 53 162 9 43 6 51 36 0 30 0 43 106 139 32 8 142 56 1 175 49 34 42 34 6 2 66 71 83 6 8 19 29 168 39 77 22 19 90 52 8 126 78 1 22 35 61 170 143 8 125 8 32 55 79 13 139 19 9 125 1 8 43 107 174 79 72 34 35 124 3 40 12 3 4 19 92 34 83 86 51 3 64 79 0 83 15 63 20 31 5 44 10 67 148 2 32 4 52 24 
16 31 58 9 57 4 44 10 6 3 32 16 40 14 69 50 145 58 20 1 6 66 15 24 45 35 63 18 21 89 77 39 33 98 89 10 92 50 22 0 37 32 49 53 9 14 99 10 55 33 5 60 71 42 68 9 19 63 168 50 11 47 119 107 13 2 56 67 96 61 40 59 45 5 29 11 32 119 108 4 61 1 20 31 40 46 8 6 48 46 1 53 125 46 63 9 50 4 51 14 40 10 63 43 10 23 34 23 14 16 36 50 26 52 29 12 76 51 26 137 0 53 27 120 143 18 1 8 53 1 
44 119 103 86 43 88 128 113 49 60 99 52 151 15 75 20 12 57 49 77 12 47 98 44 224 160 109 183 42 41 147 70 36 37 14 75 87 60 14 29 0 64 123 11 154 25 34 159 27 0 72 53 142 172 16 119 32 152 176 41 33 9 45 25 132 19 91 91 40 68 110 21 29 185 36 12 97 52 45 124 24 30 82 66 95 192 101 128 52 148 12 29 64 20 12 117 93 161 102 63 56 49 34 31 59 2 65 59 72 121 23 51 78 62 165 12 16 171 119 20 151 29 110 49 25 62 31 19 15 91 
6 77 78 79 15 84 17 7 103 5 24 53 34 51 58 17 62 21 16 85 106 24 22 139 38 50 85 59 30 48 194 162 145 164 84 79 2 43 10 42 133 0 152 53 28 23 46 39 105 124 9 50 124 8 36 47 106 0 19 128 9 110 84 115 33 50 58 45 104 76 12 108 107 40 55 33 46 101 107 181 66 37 93 25 49 78 63 55 123 64 59 37 143 45 167 62 148 26 148 122 159 56 93 46 10 14 3 156 45 40 11 10 9 89 23 22 89 3 34 23 4 93 25 73 217 5 6 70 8 62 
117 50 11 23 21 56 196 27 78 62 4 102 41 9 47 35 11 138 3 114 7 77 126 79 44 75 0 119 83 41 20 30 5 35 111 15 24 50 168 102 10 138 0 80 84 121 64 72 25 5 115 87 11 87 34 35 48 42 17 46 83 19 19 25 13 9 29 19 105 9 70 50 14 133 121 131 37 98 48 14 67 62 42 79 163 67 12 9 31 5 71 75 4 101 5 46 17 113 1 6 46 132 34 33 16 125 81 32 115 2 54 74 142 110 46 54 100 154 10 82 100 42 66 81 12 150 36 150 39 144 
77 17 3 96 11 64 87 144 110 128 36 44 12 16 1 73 3 0 24 41 8 43 42 19 178 99 96 135 52 151 133 60 66 38 19 96 23 55 105 108 40 16 29 0 124 3 15 142 31 11 66 6 111 91 98 90 115 146 88 20 0 120 3 20 116 22 19 36 1 25 31 21 24 105 110 21 12 6 9 35 15 62 23 36 58 112 10 113 16 53 80 92 9 8 12 115 98 95 75 59 27 31 78 25 142 5 92 41 3 71 88 81 16 41 149 68 26 14 143 58 74 52 64 3 61 116 99 155 68 16 
6 25 106 19 123 7 42 46 35 26 41 2 56 67 100 24 150 72 55 73 112 28 28 81 67 53 77 23 16 78 53 34 112 23 14 18 120 86 31 3 71 42 58 89 0 3 22 37 14 77 5 56 18 13 49 10 46 47 98 91 6 64 114 39 1 53 14 98 115 141 2 13 8 27 8 11 43 9 109 83 3 10 7 78 9 41 3 16 43 22 47 52 49 12 26 23 47 2 101 24 18 23 61 5 24 14 32 104 11 82 8 15 7 72 12 71 42 45 3 60 31 85 15 13 115 23 8 6 58 0 
27 60 141 9 96 16 49 55 43 8 68 27 36 63 22 0 61 18 105 9 85 30 44 153 11 7 128 1 43 22 160 113 168 46 19 18 64 0 21 3 150 26 111 7 4 0 68 50 108 57 2 57 83 34 4 53 18 55 33 43 138 64 120 9 1 76 88 28 111 9 43 3 93 20 13 19 22 20 15 163 80 16 57 14 0 9 113 1 94 43 2 10 30 38 142 80 56 11 153 59 88 28 61 93 10 24 22 128 50 60 26 60 0 69 55 71 71 12 1 49 46 20 20 48 132 21 7 17 92 2 
31 59 12 99 14 100 133 18 74 34 160 7 50 27 1 11 35 14 48 28 23 3 70 22 29 111 87 43 58 85 0 19 38 12 11 9 16 38 135 57 75 34 39 24 36 103 0 12 17 12 68 11 9 145 89 81 126 15 83 28 23 69 23 19 83 26 9 61 8 4 13 34 17 11 73 61 98 26 6 4 43 9 25 88 114 134 6 56 35 19 163 30 45 31 18 66 62 25 56 53 38 44 19 4 135 145 7 8 88 55 95 29 90 72 63 20 34 108 96 77 23 60 9 24 101 93 74 32 70 47 
90 39 33 23 116 31 46 0 17 37 95 29 10 23 30 60 44 13 5 17 79 108 51 45 0 6 20 66 22 30 101 44 80 78 17 25 75 15 22 17 5 22 95 87 68 35 66 0 40 114 6 27 6 14 15 11 3 35 79 38 38 29 0 101 38 54 57 19 93 103 74 2 69 39 38 55 8 118 131 62 25 26 68 4 51 22 24 43 2 24 13 65 15 1 41 10 66 86 2 5 22 68 4 65 19 80 18 100 87 20 110 113 10 93 12 29 87 77 7 49 48 107 56 37 92 3 17 1 88 5 
5 57 28 18 96 60 166 13 35 162 39 117 18 60 51 25 44 78 41 12 97 22 74 38 109 48 15 14 64 15 23 12 17 8 103 107 26 38 36 39 150 6 5 113 51 137 8 0 0 5 28 72 5 44 53 45 29 13 13 94 29 36 14 137 62 32 15 32 14 26 120 62 68 19 19 49 32 29 80 18 12 107 46 80 70 15 18 13 27 14 54 110 9 64 25 37 25 72 3 26 25 112 60 43 51 18 19 53 31 6 42 62 15 64 103 29 116 54 84 40 25 102 50 72 16 70 103 21 106 100 
21 49 70 169 21 42 13 96 69 162 25 83 111 106 16 15 3 185 36 106 32 111 99 7 49 94 49 51 97 63 9 54 55 64 35 204 25 94 3 125 17 69 95 6 112 55 9 73 27 0 133 33 70 165 16 95 121 37 29 31 1 120 4 36 78 18 55 115 22 65 89 12 28 161 109 85 91 10 16 116 24 65 42 105 38 180 40 163 38 11 42 7 89 23 28 61 55 143 2 44 30 10 23 77 87 152 108 20 100 8 43 80 125 28 4 29 27 163 137 26 85 21 157 13 82 48 7 170 53 44 
15 17 86 13 145 6 38 22 3 90 87 36 5 29 21 44 126 8 9 45 68 59 84 50 5 0 34 28 30 37 8 55 71 4 31 46 80 17 27 19 64 93 63 148 41 14 59 24 54 89 0 6 14 24 40 39 1 83 48 71 136 19 36 19 46 50 56 30 49 96 6 72 72 53 9 20 0 140 87 90 44 1 34 10 0 0 57 28 35 4 3 7 48 110 125 34 99 26 86 33 79 52 26 1 76 31 34 103 62 39 68 55 38 84 0 4 98 55 7 16 25 109 45 14 108 64 1 0 73 2 
48 32 19 45 7 10 19 3 80 40 46 45 40 75 88 34 79 97 42 42 7 22 3 112 24 53 156 90 66 131 90 22 4 42 21 50 125 105 24 88 21 26 25 18 4 66 60 0 25 59 21 0 70 106 21 76 124 37 175 74 5 136 4 40 33 62 7 132 16 57 2 27 35 42 4 27 27 56 14 166 45 55 44 105 0 66 92 102 61 89 63 18 103 1 82 115 77 16 89 96 63 41 20 69 5 61 0 110 28 6 3 0 49 18 37 21 37 17 0 2 11 51 25 31 159 17 25 47 0 79 
44 20 42 55 91 73 118 30 13 62 107 9 64 12 53 14 64 32 2 67 32 108 60 29 20 42 28 4 4 26 50 0 6 2 45 86 71 34 32 39 125 104 37 111 92 10 57 8 4 72 39 19 0 4 58 19 34 48 68 33 103 3 32 125 63 43 23 4 8 4 43 0 66 9 20 30 34 71 98 71 10 46 53 28 155 1 42 83 9 9 32 32 28 18 7 9 51 2 25 11 44 55 45 7 112 99 20 72 33 17 128 52 15 101 87 20 59 18 11 122 82 13 65 76 51 101 78 84 48 82 
122 20 49 30 110 5 68 21 17 53 91 4 7 6 98 39 174 25 107 18 117 103 32 5 2 12 71 69 11 5 27 79 40 108 92 39 78 1 24 43 192 139 88 148 60 29 60 25 93 64 36 77 53 0 8 45 23 37 128 53 125 27 91 74 2 55 78 29 25 81 56 13 75 80 22 56 7 157 81 81 80 6 75 3 14 2 3 43 5 10 24 13 3 34 32 11 107 85 29 7 11 10 23 16 141 158 7 12 50 86 124 128 112 35 11 3 71 28 20 149 49 110 61 48 57 51 46 17 138 26 
20 51 109 26 34 2 18 90 10 12 27 61 101 14 12 66 62 51 18 117 32 5 5 27 22 65 77 6 41 38 62 31 31 56 46 78 100 109 22 29 59 3 83 79 45 26 102 58 56 17 30 16 97 42 0 45 16 62 32 32 10 41 82 17 4 55 60 68 32 69 9 71 32 58 45 11 7 4 55 155 29 42 37 111 41 82 32 41 65 58 41 14 69 23 114 103 144 57 94 6 5 20 9 16 1 43 6 96 5 12 1 13 19 3 41 20 19 10 62 19 33 52 9 20 120 0 1 5 8 69 
69 7 60 22 8 10 24 38 18 101 111 90 45 10 33 8 41 92 72 86 7 45 93 101 15 25 21 61 19 19 73 0 22 15 51 28 43 23 66 0 112 87 95 62 2 45 28 12 51 97 33 81 24 46 20 0 44 77 90 59 87 50 51 83 42 25 2 0 50 35 47 11 44 39 13 31 25 6 29 105 32 18 8 6 92 45 50 29 33 86 75 3 71 71 27 13 9 25 37 9 34 27 31 4 8 3 4 22 22 35 69 36 64 49 73 22 56 89 5 29 59 52 26 14 66 33 57 31 48 30 
103 11 58 5 31 22 83 1 17 82 91 28 3 6 43 27 16 44 93 29 96 32 62 36 28 2 51 18 10 43 121 4 27 77 19 5 21 15 48 15 184 7 100 111 46 1 11 12 9 141 3 69 9 6 38 17 0 75 4 109 40 30 97 104 40 67 26 0 94 84 42 68 88 48 54 31 11 42 30 101 73 42 54 0 69 1 4 14 19 26 48 33 90 95 106 7 51 41 3 62 49 0 54 40 76 113 4 92 67 60 4 131 89 35 7 50 55 108 27 3 14 107 81 145 0 40 4 31 19 15 
5 87 198 80 175 64 18 18 31 5 20 35 66 24 33 157 14 127 72 147 105 15 1 106 12 48 86 41 36 126 12 131 207 53 61 88 73 142 2 59 145 2 51 127 53 21 131 15 39 117 6 4 122 22 29 104 93 0 225 86 154 146 82 112 26 100 30 49 63 18 14 83 100 30 8 63 51 37 102 125 102 17 70 14 21 89 27 13 136 147 23 50 182 4 13 52 62 22 67 20 114 16 43 46 3 20 25 166 32 31 15 58 41 92 51 18 52 2 69 10 64 98 16 128 192 1 22 70 52 9 
187 9 9 137 49 61 37 29 9 50 176 8 109 4 46 65 108 58 27 127 102 161 119 58 34 111 11 69 8 75 0 15 7 60 161 152 43 99 104 107 96 64 19 103 95 15 59 62 43 63 28 18 51 98 15 106 114 51 0 91 80 13 89 90 21 84 73 58 130 55 61 10 45 40 43 164 55 30 75 3 37 62 38 26 132 81 2 155 48 21 162 63 4 72 6 78 0 36 14 25 19 82 88 21 25 172 8 49 24 1 156 104 107 101 146 8 29 209 128 78 86 14 46 13 16 175 69 63 32 2 
102 46 67 38 23 42 38 51 47 47 72 154 147 12 8 32 18 7 17 141 9 60 61 36 31 86 68 71 34 50 15 34 27 36 23 169 25 25 36 59 29 128 38 25 62 38 17 36 99 39 78 30 79 92 22 25 82 119 69 0 17 54 15 44 56 4 41 64 4 46 26 18 23 18 88 56 35 10 31 25 11 114 30 129 67 140 34 125 32 1 68 44 70 53 102 15 5 14 82 27 17 39 9 4 48 3 9 34 65 56 112 36 40 39 46 62 38 134 109 14 137 13 48 10 96 68 26 108 13 86 
102 17 27 160 13 127 3 120 71 31 18 18 60 79 4 76 3 158 42 136 16 83 54 1 182 108 12 110 18 122 47 55 33 40 10 110 3 109 24 43 10 91 66 2 23 137 14 128 6 5 138 66 28 164 70 83 137 139 55 11 0 69 3 32 59 9 9 19 19 24 59 48 34 168 53 8 117 1 8 101 3 127 8 96 139 110 40 55 51 12 78 87 9 111 52 63 27 145 23 1 26 22 73 51 17 120 31 26 26 15 68 54 11 75 91 49 46 28 33 12 132 46 109 1 110 93 28 4 72 36 
83 28 33 4 106 1 63 38 0 140 74 98 15 3 50 33 53 86 5 60 113 24 94 110 78 47 8 16 20 4 10 12 43 6 35 93 56 5 20 59 103 143 60 78 56 7 59 13 25 127 48 40 15 2 10 7 29 22 25 22 55 0 117 116 65 53 12 6 48 17 14 59 68 99 18 39 28 108 39 45 22 41 26 38 99 11 14 14 12 14 59 55 32 42 77 3 27 95 56 43 15 43 62 28 1 63 15 4 92 31 48 59 88 111 56 13 27 46 25 91 18 85 96 18 16 27 85 69 67 15 
62 26 36 34 6 40 28 47 61 44 10 166 32 11 35 4 17 118 5 33 8 37 83 2 148 63 28 142 57 56 82 33 53 41 47 56 44 72 146 129 6 63 89 2 70 96 19 117 68 11 77 49 54 14 87 41 62 16 39 10 5 24 0 14 103 29 15 11 4 28 29 37 21 40 99 122 134 5 5 119 32 95 48 25 118 138 47 131 10 66 55 76 37 37 11 31 110 151 43 34 64 95 54 63 73 1 18 31 51 4 131 107 71 58 21 44 17 57 16 51 161 13 20 7 76 117 87 76 44 52 
29 33 23 100 60 134 92 134 76 3 109 177 124 78 5 20 6 174 16 86 5 20 42 33 177 154 99 73 63 64 165 91 106 84 10 165 56 1 71 123 15 59 105 36 100 88 2 107 74 5 130 8 39 158 73 23 54 126 118 6 21 74 37 0 89 15 92 101 13 64 79 20 58 98 90 34 146 2 27 32 23 96 64 133 53 159 40 79 83 39 180 45 16 14 46 45 113 43 13 95 103 40 7 24 89 103 92 74 13 6 16 64 20 12 19 64 13 1 85 4 18 35 121 35 37 11 91 40 16 130 
13 22 12 30 151 32 41 47 25 47 57 77 22 30 8 27 119 19 33 65 96 21 38 39 59 46 57 37 18 29 152 97 52 89 85 44 88 1 2 7 95 50 113 139 2 1 135 74 44 48 4 68 63 17 37 0 23 13 111 39 63 2 74 129 0 92 70 75 81 96 6 87 102 15 7 5 2 152 24 142 0 3 28 79 30 85 71 25 39 109 27 7 65 20 62 56 101 15 77 71 53 45 45 26 13 33 46 20 44 33 10 63 4 11 15 77 8 26 28 76 13 23 17 10 20 19 0 21 62 16 
69 25 30 26 61 84 17 10 27 131 107 99 47 22 0 9 58 106 12 14 55 101 109 43 73 5 50 17 37 29 39 4 23 14 50 132 29 77 40 14 37 108 38 34 47 99 12 25 36 1 66 77 30 99 51 46 6 4 81 28 0 27 36 40 96 0 5 34 66 29 66 7 4 13 32 1 46 64 21 40 12 30 42 63 136 36 6 61 21 52 90 54 14 32 26 65 80 23 51 11 13 0 25 4 22 34 19 0 8 2 119 28 9 20 94 25 67 16 75 28 49 25 76 53 75 22 56 62 29 23 
25 10 36 50 63 27 141 10 18 55 85 100 85 28 0 4 93 78 60 42 72 54 145 41 13 75 50 6 16 63 58 17 14 13 109 109 23 11 81 99 27 108 37 62 5 88 13 41 36 63 30 81 6 18 16 37 65 129 28 10 25 41 71 13 103 5 0 31 16 40 29 31 30 120 20 63 53 36 64 4 34 78 4 78 107 68 25 107 16 27 23 19 24 127 28 16 61 123 4 3 0 42 27 1 80 147 18 12 16 2 66 46 11 35 14 7 22 117 72 72 49 7 96 19 3 113 76 110 45 83 
113 35 39 46 76 18 76 22 1 152 41 67 53 1 15 3 124 109 79 88 82 74 81 84 50 40 26 0 32 31 24 17 56 45 95 91 46 23 28 12 35 98 18 18 2 1 6 37 11 69 56 79 5 53 1 32 3 155 36 14 35 4 17 141 39 22 2 0 1 34 26 54 63 112 25 31 9 75 67 37 22 5 59 28 65 10 49 39 1 30 7 73 32 95 65 6 51 94 49 20 14 21 0 32 140 174 39 67 96 22 97 71 104 58 19 23 66 111 10 58 42 57 39 42 13 8 45 58 77 77 
65 43 99 114 35 45 34 108 5 110 25 166 61 21 0 10 3 63 2 131 5 55 35 31 5 23 45 81 64 116 65 89 14 47 25 150 11 37 121 26 26 105 50 34 72 41 23 121 53 38 102 16 18 9 31 7 52 78 87 11 21 13 1 22 68 55 47 16 0 43 8 34 9 88 7 49 5 22 0 110 33 123 32 59 91 118 28 82 8 6 36 9 94 47 101 107 13 66 114 5 51 0 39 0 39 99 33 55 20 70 73 27 7 2 66 24 9 7 64 25 135 0 84 36 128 101 105 92 8 3 
97 5 23 122 16 57 153 91 46 160 84 60 132 6 14 36 58 91 37 3 13 51 144 39 89 76 36 149 57 21 45 18 40 4 47 34 0 40 73 52 42 86 24 55 135 26 2 25 43 30 50 82 31 82 119 57 38 127 45 53 34 75 29 73 46 14 6 1 74 0 101 21 23 18 31 71 64 8 3 34 68 108 52 122 127 121 12 128 35 19 112 28 3 49 25 21 22 143 35 10 3 23 58 31 48 115 48 16 26 27 118 98 105 78 31 2 52 60 45 10 132 33 144 38 43 5 44 51 51 22 
25 54 120 48 56 69 2 1 18 21 16 52 92 12 17 46 18 126 59 124 62 1 50 51 105 35 35 15 9 81 120 69 146 83 13 62 2 112 56 2 69 63 61 104 40 45 5 21 0 75 19 1 64 46 8 56 18 45 116 0 86 34 99 20 18 71 54 104 11 55 0 65 58 15 31 31 6 31 16 56 18 59 8 49 60 90 11 17 83 35 87 2 2 12 159 75 9 20 139 80 68 8 36 63 32 0 37 107 0 66 14 8 16 30 32 9 23 63 9 25 31 55 2 90 95 31 53 61 32 47 
46 16 10 58 30 48 44 38 45 106 110 36 6 26 0 17 48 112 30 49 10 21 58 17 17 41 46 42 15 59 45 35 88 28 30 70 7 63 107 76 84 13 41 7 9 46 17 67 36 66 62 16 26 11 39 21 21 104 64 11 4 60 14 80 17 18 23 53 12 43 17 0 5 44 24 14 38 20 14 17 3 58 17 36 124 0 5 67 16 52 45 65 58 23 51 62 90 92 75 6 7 12 22 13 69 102 16 0 30 23 45 69 85 39 47 20 24 93 62 57 19 36 102 32 12 50 91 51 18 42 
11 30 15 27 26 103 102 66 7 92 55 132 40 3 1 14 38 63 44 93 9 100 31 19 75 90 3 30 17 104 12 45 59 9 30 96 1 103 95 71 59 128 13 34 34 4 1 33 25 7 91 62 0 2 53 52 18 61 32 3 3 82 33 77 35 9 15 50 10 6 49 2 0 92 37 15 67 11 0 60 12 18 4 93 145 3 12 126 16 33 57 63 13 24 23 14 18 109 34 19 2 76 7 1 15 113 46 1 56 35 77 54 0 44 16 45 40 106 30 38 103 6 5 4 73 119 46 142 35 39 
2 92 152 4 143 26 27 74 45 19 24 10 55 24 63 106 169 21 83 88 124 2 84 147 46 74 41 9 84 67 116 41 33 131 8 26 105 4 8 24 19 11 63 106 12 19 30 81 30 150 56 65 106 88 16 40 30 6 145 119 100 31 117 79 25 53 85 21 116 118 20 40 46 0 38 8 12 83 117 163 2 12 34 96 21 34 19 5 23 117 44 33 116 30 112 49 95 11 47 21 76 61 67 74 32 19 83 25 3 77 15 83 9 36 0 7 35 27 12 49 16 64 23 21 1 13 15 29 83 20 
33 19 85 6 77 6 7 55 28 20 62 94 57 22 48 1 11 105 26 37 83 27 22 113 73 32 15 24 19 77 133 17 30 18 79 58 75 22 22 16 18 59 11 6 9 24 3 41 39 124 29 57 47 54 37 3 35 48 76 64 80 13 107 83 39 1 41 40 6 1 19 34 70 12 0 16 33 65 90 115 17 22 26 41 36 74 48 38 7 51 37 1 13 5 14 30 65 23 38 27 9 17 15 56 10 59 4 11 26 50 35 44 21 18 45 19 53 67 25 45 30 7 15 107 78 54 14 7 73 34 
26 24 116 5 109 30 74 56 48 44 40 67 28 48 68 1 109 31 32 86 29 20 42 129 22 34 94 2 12 56 82 85 79 93 79 24 5 28 42 9 17 0 27 65 7 7 19 57 77 116 32 33 71 65 5 8 46 23 127 72 125 10 95 10 10 29 18 30 67 24 31 17 17 36 16 0 8 103 123 76 19 11 10 69 12 50 24 11 77 103 13 24 34 63 65 38 115 19 5 5 64 33 2 74 2 81 41 90 10 65 7 37 0 44 66 50 38 14 28 82 27 13 7 78 20 22 21 1 39 20 
78 14 66 3 119 32 60 9 2 93 30 27 7 43 73 44 67 70 63 39 90 66 81 77 9 5 46 37 16 45 66 47 51 47 134 43 106 31 29 9 166 93 98 124 31 34 102 8 27 51 0 7 32 5 39 9 10 50 124 71 126 24 31 125 15 66 52 8 107 111 29 27 48 62 41 22 0 46 33 27 45 14 23 4 68 22 5 25 24 102 10 81 112 9 80 27 20 20 25 57 5 9 37 47 96 39 45 108 0 16 82 82 11 78 20 36 79 24 3 63 16 10 29 14 82 30 38 20 46 33 
59 66 9 88 0 93 13 34 39 86 48 168 131 78 52 71 7 232 16 109 25 51 142 9 28 131 123 81 73 110 88 62 83 41 49 17 8 46 127 146 3 118 22 2 53 47 12 72 37 10 8 11 3 108 80 27 59 99 117 33 5 86 10 0 139 45 5 102 27 5 81 3 21 88 48 112 16 0 3 57 35 133 47 122 92 133 10 90 32 67 168 68 21 40 9 50 61 132 52 83 19 61 63 3 92 64 70 17 88 65 21 0 13 84 54 79 16 171 8 44 37 53 124 6 60 124 50 88 46 104 
56 51 15 102 10 127 47 138 33 87 104 21 27 2 35 19 31 186 31 28 4 78 49 4 39 130 68 187 73 114 14 64 62 4 54 0 4 34 64 46 40 146 16 4 19 85 7 127 7 8 139 11 7 108 46 15 27 100 46 10 1 16 4 19 91 21 26 76 0 37 69 10 8 79 15 31 102 6 0 77 27 100 34 23 84 78 31 61 5 70 51 68 32 27 84 53 88 158 28 8 43 87 39 3 96 170 14 23 94 59 42 102 62 64 138 12 61 71 113 42 37 15 113 10 92 71 51 27 8 126 
78 95 7 76 36 141 149 49 7 183 82 142 41 91 99 21 28 17 33 41 106 82 183 87 123 40 5 178 99 68 2 13 4 34 131 34 34 40 129 117 61 84 16 35 132 74 94 5 25 148 102 106 58 9 81 43 108 155 20 27 52 26 118 87 12 14 37 29 33 67 105 7 41 3 46 33 70 21 10 0 75 40 90 68 126 77 68 60 45 1 82 29 16 179 10 37 0 66 22 34 23 25 34 15 84 149 73 51 99 46 48 22 116 117 112 27 94 189 2 95 55 139 155 75 3 110 144 25 171 110 
65 20 29 1 44 1 74 79 30 33 30 80 22 28 20 0 23 45 5 96 39 0 36 23 133 67 66 90 12 79 15 47 95 5 51 92 1 58 34 3 41 15 93 11 75 10 55 38 28 11 79 25 54 99 41 9 55 78 22 10 1 45 32 22 22 40 29 39 1 12 20 8 31 49 16 43 9 58 2 39 0 33 9 50 54 89 22 61 51 40 95 7 90 67 4 50 107 2 49 27 44 14 3 7 38 77 6 14 21 56 29 2 9 24 89 19 9 67 39 46 39 1 52 63 113 39 40 35 25 8 
54 54 92 4 162 4 60 35 50 80 73 40 31 17 75 100 80 81 37 35 91 32 5 154 17 9 87 5 4 32 106 28 34 106 47 9 33 26 21 5 83 2 20 117 5 8 10 21 87 110 5 84 46 10 6 29 42 48 111 50 107 2 60 1 21 46 89 37 53 32 34 50 56 31 22 3 33 78 112 17 48 0 37 27 8 10 21 4 31 56 25 84 44 36 153 14 19 24 93 16 31 4 46 89 0 26 6 79 63 61 19 37 6 13 54 30 48 7 1 101 17 44 15 151 118 8 3 7 67 0 
15 16 81 76 83 52 36 17 54 28 95 69 28 35 23 58 83 124 9 77 23 16 53 34 59 38 4 91 8 43 1 65 44 45 34 38 59 43 24 6 70 93 53 24 61 64 40 14 31 12 29 2 72 50 19 13 6 31 19 4 62 4 48 17 37 21 17 72 5 50 14 5 8 6 5 17 69 25 37 62 7 74 0 68 27 56 5 71 38 81 53 18 14 26 111 13 90 54 79 25 41 17 3 30 11 7 8 15 5 17 66 39 1 5 57 16 4 64 23 26 103 18 30 5 29 55 49 14 21 54 
118 66 20 33 21 28 35 11 13 78 135 52 23 27 28 43 51 4 110 20 150 87 76 152 0 3 10 2 18 13 41 55 9 48 118 24 4 3 17 30 120 81 59 117 72 10 102 1 1 151 7 34 21 7 28 43 1 33 39 16 21 6 142 128 24 0 55 7 64 48 17 62 3 21 41 32 2 103 62 56 92 40 34 0 36 6 7 31 10 88 29 58 32 155 113 6 89 86 34 54 46 24 20 34 73 25 5 66 76 35 93 41 42 92 39 73 109 101 8 79 0 36 68 103 75 19 19 11 83 14 
42 97 14 109 134 76 0 47 47 7 27 34 92 72 49 1 116 158 10 102 85 44 1 139 125 145 2 83 10 17 184 61 80 94 53 23 88 18 21 7 48 39 59 141 19 28 97 19 80 127 70 33 37 170 49 45 17 21 91 40 81 127 50 6 31 35 6 37 84 118 21 113 124 10 46 34 79 44 143 48 78 73 16 112 0 68 89 70 29 181 33 18 122 4 31 145 171 18 12 95 107 73 62 78 23 23 6 22 66 156 29 20 0 60 14 28 2 0 27 45 54 93 8 54 98 52 48 56 30 76 
69 20 68 7 16 4 55 12 4 92 17 54 7 74 0 8 173 76 106 24 48 54 108 48 38 24 45 50 72 18 71 25 51 93 28 53 112 6 35 0 12 97 28 98 29 58 131 8 78 84 47 97 26 6 114 55 11 148 41 56 39 7 145 106 53 16 69 3 137 100 35 98 92 46 47 56 15 36 61 56 106 55 103 6 145 0 64 37 45 51 43 59 18 2 72 13 101 20 75 49 10 65 53 36 15 87 33 34 77 50 51 35 21 116 16 50 129 139 17 140 1 63 48 111 45 119 54 77 95 43 
75 6 18 47 49 61 105 35 53 23 138 115 40 31 11 7 3 101 40 116 27 33 20 8 34 86 72 106 21 10 1 24 56 1 87 15 3 7 59 10 0 15 47 3 99 18 28 17 57 58 14 4 52 42 55 46 16 138 16 44 48 15 9 9 23 2 13 36 41 1 41 14 13 72 36 30 64 29 51 79 39 60 2 82 128 88 0 80 40 17 23 37 34 91 20 47 22 52 12 10 8 16 12 7 42 45 38 12 66 29 40 79 106 22 44 21 51 107 81 5 20 29 52 54 57 94 28 100 84 102 
21 59 138 2 123 7 101 9 48 17 72 7 4 50 28 59 76 62 61 23 70 63 81 82 33 23 101 3 53 92 85 43 118 78 131 4 4 13 6 6 100 60 17 10 12 20 70 12 37 134 34 54 68 7 44 42 3 61 105 81 155 79 153 60 17 34 0 55 58 133 9 70 106 18 5 21 32 124 53 37 97 8 64 43 92 47 110 0 89 97 14 28 61 89 105 13 43 7 92 7 87 7 54 79 44 14 32 152 22 5 61 18 1 52 56 43 39 11 12 93 19 60 16 50 157 40 5 3 91 3 
76 13 57 20 73 11 72 46 7 66 111 94 70 0 19 11 71 90 30 20 65 87 15 66 105 34 37 78 19 41 28 3 52 41 66 117 33 43 52 4 12 37 1 52 72 41 33 39 10 54 34 6 7 13 69 18 27 146 71 13 43 9 27 100 16 8 7 9 27 35 0 20 33 95 1 44 20 51 4 46 21 31 62 27 40 4 28 55 0 42 45 62 3 126 31 13 0 96 9 7 7 21 17 3 108 106 26 67 70 5 18 81 82 86 65 17 24 8 39 10 22 20 29 74 39 25 13 4 100 39 
129 21 0 116 97 11 155 40 57 41 93 95 48 42 39 5 121 59 31 14 44 138 121 72 67 71 23 70 96 0 2 12 6 31 107 153 22 83 34 49 112 41 5 104 1 97 12 7 15 36 15 65 46 88 75 44 69 114 8 76 91 6 37 146 6 56 13 48 68 21 51 61 7 125 7 73 9 66 3 11 11 113 39 73 17 3 46 61 38 0 99 46 14 102 16 61 16 108 0 13 24 48 79 42 172 162 25 42 50 4 180 54 40 62 32 52 90 98 1 136 70 47 15 86 7 128 88 109 74 120 
24 37 69 3 179 15 87 52 56 84 50 27 23 18 65 107 52 26 16 48 143 97 15 148 29 19 70 15 28 7 161 4 157 64 62 1 51 26 16 4 43 31 48 9 4 35 73 53 10 184 36 22 78 53 54 7 31 19 29 41 144 85 166 122 42 14 64 37 153 61 90 105 37 1 43 12 22 35 175 0 25 6 14 49 93 48 33 2 22 28 0 48 65 98 148 16 105 1 61 82 52 32 21 42 97 110 59 158 93 11 11 122 75 74 22 47 5 70 22 148 2 52 12 89 74 16 25 9 72 21 
19 14 122 21 25 22 46 27 86 42 46 108 4 28 4 52 68 141 3 104 12 15 31 28 68 6 13 20 11 115 161 46 126 71 27 2 9 63 101 46 26 38 72 87 45 35 10 88 21 72 33 18 41 94 15 4 27 3 122 61 43 42 30 50 40 28 79 6 25 10 23 1 54 14 18 2 17 69 36 104 13 66 19 15 39 130 28 72 5 95 118 0 63 21 106 26 160 17 25 81 38 0 23 8 47 34 58 82 8 35 53 20 20 6 90 35 10 8 58 48 40 38 37 41 77 42 54 83 6 37 
39 16 2 5 47 103 8 87 20 171 172 48 36 34 17 33 99 120 93 35 65 105 45 54 48 60 7 74 2 55 7 3 5 15 129 144 14 2 49 99 41 109 12 28 104 139 6 96 15 77 49 0 33 112 104 7 10 62 40 39 56 36 4 107 68 17 12 4 25 18 73 41 46 171 3 133 79 45 70 1 21 14 81 32 36 55 14 58 16 2 51 26 0 96 0 13 36 33 8 47 7 109 21 40 26 202 43 30 100 21 6 120 66 49 3 11 88 190 83 7 136 22 139 9 10 56 9 64 43 34 
10 40 52 61 43 71 26 140 2 40 8 68 125 60 69 55 11 71 12 50 45 7 23 91 10 105 135 24 24 76 42 84 121 113 19 53 4 8 79 46 46 5 142 6 10 60 56 34 127 97 41 9 44 71 4 11 140 50 37 32 71 1 69 6 63 6 63 142 33 109 0 72 35 11 44 73 23 13 53 175 44 33 25 106 13 135 56 113 8 168 6 4 94 0 86 138 192 0 158 15 82 23 51 38 30 5 45 12 12 70 51 0 53 17 83 89 17 52 107 58 100 18 36 76 56 35 17 109 29 110 
52 36 9 112 97 23 108 76 15 168 127 37 125 9 2 17 35 6 75 41 101 52 63 54 144 29 18 41 66 72 8 4 4 43 91 12 50 97 28 41 5 204 9 104 79 155 61 80 28 81 31 17 25 58 159 30 50 67 3 11 55 8 0 35 8 16 30 45 7 37 128 62 62 10 88 47 51 42 62 12 79 143 47 65 175 18 63 44 18 18 65 38 7 149 0 58 14 73 8 17 13 141 82 25 175 158 5 28 5 10 111 92 76 75 117 23 105 38 16 0 32 126 3 24 22 24 0 111 83 82 
72 4 55 16 75 42 109 2 16 75 92 43 40 1 71 47 98 77 19 57 55 114 81 40 75 1 38 34 20 21 71 18 28 36 130 48 82 4 27 29 119 98 54 68 7 21 73 5 4 70 26 0 16 21 10 19 4 137 72 98 73 17 113 148 38 12 5 13 54 95 100 6 34 23 35 31 22 123 66 68 80 61 34 26 122 4 13 41 2 68 2 100 41 56 84 0 78 80 36 17 48 85 64 13 13 37 19 31 41 31 61 15 84 46 49 17 57 87 34 75 28 67 21 123 76 80 32 49 52 54 
156 100 16 147 61 10 101 65 51 7 42 4 95 35 32 43 103 44 122 15 133 154 186 5 74 81 16 124 43 55 6 39 12 24 82 89 35 85 71 42 172 162 12 52 84 39 80 54 2 88 91 169 18 114 35 88 63 101 1 60 111 0 35 117 81 62 15 49 26 35 129 53 45 98 55 64 92 29 69 2 18 126 51 24 76 96 31 102 25 23 43 66 8 70 24 82 0 66 24 73 5 115 39 13 95 214 67 74 125 29 125 54 114 113 145 87 86 137 112 126 48 52 42 129 5 70 3 92 161 151 
6 36 66 37 57 40 10 61 76 33 28 20 19 51 35 48 75 39 103 101 115 1 43 121 92 32 90 17 67 59 38 84 175 123 32 24 14 30 25 4 62 16 115 163 18 8 22 45 28 146 57 49 51 69 42 12 22 42 18 32 131 91 127 60 7 114 108 19 24 102 15 12 102 9 20 28 46 93 76 18 24 6 56 13 1 48 101 25 93 51 52 53 39 31 173 96 60 0 2 42 58 26 50 54 30 64 29 41 32 77 15 10 29 2 78 49 56 2 5 15 31 72 14 59 79 23 21 11 8 33 
146 19 12 19 13 46 120 102 62 108 11 112 37 17 2 7 116 87 62 25 8 40 199 43 87 99 19 105 44 21 0 26 14 16 110 69 10 0 155 7 0 100 1 56 123 20 34 18 6 82 106 74 40 43 6 50 56 197 5 61 28 47 50 109 62 42 32 49 19 35 135 22 20 78 55 120 33 73 22 18 7 22 106 39 104 42 52 109 45 0 122 41 1 68 5 76 18 105 0 4 39 24 72 21 141 180 30 40 92 12 47 21 96 95 88 36 1 94 5 74 77 32 53 11 1 128 29 90 136 12 
79 18 20 45 33 37 14 38 6 127 99 20 75 3 6 4 41 44 22 76 54 5 63 40 78 45 20 22 6 13 82 15 35 5 32 63 28 69 22 65 86 115 31 17 95 47 55 57 26 9 43 22 2 53 82 15 68 70 18 48 23 13 41 15 92 5 4 21 0 7 45 11 17 71 42 70 4 3 55 22 18 29 1 15 5 9 8 77 6 10 41 26 12 111 52 46 47 15 26 0 6 68 12 3 37 94 27 33 12 6 16 52 54 16 78 7 44 133 22 78 52 43 90 64 56 4 85 109 70 1 
112 19 21 46 68 112 17 77 1 55 81 110 76 30 25 15 76 165 65 106 9 101 65 2 40 61 19 114 49 71 49 18 1 13 100 118 5 44 61 9 68 22 43 17 34 49 9 11 33 54 36 110 14 4 77 55 2 151 60 23 18 45 1 63 121 1 0 25 70 19 104 4 3 109 18 26 22 14 18 32 53 96 11 75 42 54 12 71 24 27 122 31 5 57 13 61 63 51 18 14 0 36 56 6 17 96 9 22 62 15 47 6 49 59 7 31 69 135 92 6 68 74 119 16 7 120 85 127 54 93 
22 1 86 30 91 43 17 28 41 17 23 18 54 13 52 42 24 6 30 26 78 25 17 29 27 20 118 58 7 36 146 23 116 20 29 76 66 43 11 21 12 23 125 75 35 10 87 54 10 66 0 37 1 28 22 20 50 24 113 28 22 89 17 22 16 38 64 37 68 97 0 57 39 49 11 4 73 42 43 47 31 50 11 42 75 58 74 18 36 23 17 2 15 13 135 72 138 6 68 15 46 0 16 14 30 59 27 90 9 32 20 28 14 4 1 3 10 37 59 44 48 31 36 96 46 39 3 10 33 29 
3 15 10 17 87 71 57 53 10 19 87 9 91 10 17 25 76 142 38 8 4 18 23 89 94 37 61 65 2 23 98 37 23 13 5 58 57 58 33 11 72 66 55 78 46 38 20 62 15 8 30 59 17 73 26 14 39 44 84 47 57 13 65 76 3 23 45 70 31 5 32 16 32 39 1 44 14 55 83 30 8 8 7 47 90 58 5 60 31 41 13 1 69 23 30 28 50 71 44 50 32 20 0 2 65 67 23 17 10 28 11 1 1 18 40 23 19 2 56 59 90 25 44 84 117 61 8 9 24 38 
95 20 12 66 2 91 85 1 9 124 12 23 92 0 20 12 45 53 0 27 27 3 75 7 0 26 39 55 33 9 76 28 59 17 48 72 2 12 60 70 57 20 34 71 7 65 2 13 48 78 4 54 29 36 58 2 54 5 10 21 0 17 67 20 6 5 5 1 67 28 72 8 5 12 48 26 44 37 24 78 34 51 45 59 92 16 5 46 0 23 96 59 1 90 30 33 17 52 40 6 2 8 31 0 11 116 23 36 19 15 114 27 8 58 7 15 18 50 45 95 19 46 74 51 49 43 5 58 17 62 
2 69 175 4 47 23 20 111 45 0 9 118 26 16 111 106 109 25 77 115 34 23 16 8 19 54 155 26 26 120 110 127 49 2 53 63 87 36 27 54 102 16 167 79 24 39 146 34 121 44 82 31 2 69 23 87 76 11 209 58 130 71 83 101 39 1 125 32 40 157 13 24 36 20 8 39 9 18 72 133 68 51 20 117 35 33 44 23 124 133 47 32 4 37 18 5 54 15 101 102 42 13 39 25 0 0 19 111 39 33 19 6 3 2 63 32 69 4 40 46 78 45 8 89 37 16 48 37 13 64 
23 75 20 100 131 26 15 79 81 14 8 40 97 58 46 123 86 2 102 109 113 37 31 148 154 90 28 81 100 10 122 154 83 38 86 14 53 45 16 9 155 11 166 37 11 48 166 29 89 53 84 38 105 27 43 52 86 8 128 142 39 27 142 74 58 118 149 101 35 113 20 53 131 38 42 56 62 58 171 24 19 57 91 139 28 58 10 56 85 145 70 12 88 45 55 5 233 51 79 69 149 48 108 24 4 0 94 163 28 69 9 1 32 30 14 133 53 11 31 9 32 34 28 65 118 1 16 8 51 103 
66 5 49 15 60 35 33 42 17 45 96 56 45 3 27 35 71 110 58 23 34 77 93 47 81 15 55 6 14 23 9 35 82 44 5 74 43 48 52 6 129 11 9 94 58 1 77 1 53 19 5 14 5 16 35 5 13 10 84 0 65 39 88 10 45 19 22 23 78 60 26 30 17 31 5 5 25 49 52 77 28 29 9 21 66 42 2 46 22 54 69 17 47 57 53 22 100 59 69 11 7 43 18 27 54 23 0 0 18 16 86 24 6 70 32 13 61 47 2 105 3 44 7 72 26 67 20 15 83 14 
102 39 43 110 13 141 144 93 73 103 150 79 52 70 0 1 6 115 34 136 50 53 16 27 141 71 53 11 75 45 14 4 28 7 82 95 13 29 147 4 80 89 58 11 68 48 5 14 64 21 73 78 13 101 60 79 9 55 49 25 1 44 7 27 56 1 30 41 17 3 52 24 9 99 27 109 94 24 1 33 28 115 8 67 64 106 15 43 36 26 149 71 7 28 59 50 63 154 47 39 2 43 46 44 27 31 50 0 79 34 132 119 80 78 121 36 48 19 85 92 69 45 69 0 14 119 128 108 95 137 
22 16 5 70 94 44 23 87 72 23 57 77 26 17 17 59 97 105 26 113 69 15 50 49 99 47 37 13 20 13 70 14 89 28 23 46 51 22 26 23 51 48 22 3 1 48 88 13 47 55 44 18 11 13 6 37 75 10 139 32 76 52 63 53 5 56 35 34 62 27 5 14 84 49 15 5 76 75 62 2 27 38 20 3 36 13 53 55 69 97 98 5 19 45 8 52 29 63 89 81 27 3 5 31 29 7 26 13 0 34 23 5 17 4 65 41 14 47 54 73 20 28 43 87 131 11 41 28 33 54 
112 5 27 74 24 27 20 36 2 39 4 40 85 30 25 4 62 78 18 80 28 10 49 0 81 68 5 105 11 26 33 8 51 1 38 75 40 18 90 17 93 83 30 50 21 22 45 47 34 5 51 96 24 5 72 19 13 93 42 3 74 25 11 83 44 7 3 15 4 45 38 7 20 90 52 63 6 29 35 42 43 54 33 42 122 40 19 2 10 10 59 97 31 88 32 27 28 28 13 6 16 38 7 4 39 103 29 33 86 0 34 44 34 38 82 29 36 97 2 64 70 62 72 11 3 84 51 40 95 96 
6 95 105 63 45 18 15 6 3 5 17 6 60 94 100 133 59 40 95 36 103 26 4 44 73 45 127 10 80 134 114 3 21 43 1 11 151 43 63 44 152 1 64 65 24 22 158 47 44 88 19 33 86 43 51 15 36 3 106 69 0 103 53 102 28 118 115 37 22 109 45 49 95 26 28 8 32 167 25 59 83 11 84 105 30 75 45 46 76 49 38 45 177 58 44 11 90 13 17 84 5 3 54 41 22 0 1 135 55 45 0 4 1 37 24 96 48 11 82 74 33 98 12 69 88 8 2 42 14 27 
33 13 110 85 105 57 4 77 37 2 38 107 58 86 7 63 59 44 57 40 74 2 6 1 31 13 74 108 25 42 147 86 171 108 9 102 119 31 62 23 77 2 86 45 61 41 80 80 1 83 30 3 118 9 20 5 61 62 114 39 33 70 104 64 10 5 84 86 40 64 23 56 103 26 25 36 114 116 0 107 40 16 20 39 13 140 71 71 30 147 108 21 59 7 134 120 79 16 161 21 120 38 26 61 24 56 93 78 21 77 29 0 4 33 91 87 28 52 66 15 34 4 21 1 85 33 30 56 11 24 
15 41 72 4 21 15 8 27 77 0 29 73 32 48 93 97 10 123 61 34 77 12 69 22 64 18 82 3 46 64 176 103 31 31 57 37 135 42 33 39 66 5 114 130 23 23 117 68 65 124 42 42 82 11 30 10 12 43 119 22 110 59 117 19 0 96 61 107 39 88 9 16 56 20 31 25 60 111 66 44 43 25 5 92 55 75 12 45 19 72 77 25 115 12 164 35 11 8 55 93 11 13 3 10 4 47 40 0 21 23 14 42 0 56 41 55 24 10 21 66 47 73 4 62 15 12 26 7 5 26 
18 15 24 111 5 61 58 1 27 8 75 152 35 51 50 5 25 92 8 56 34 41 50 75 123 91 95 1 36 79 116 55 110 81 27 4 15 112 1 50 8 4 1 32 78 6 84 57 58 75 54 2 54 66 2 63 34 29 111 13 51 44 17 8 73 31 11 104 10 65 2 35 12 42 9 59 29 83 53 80 17 21 23 88 24 23 11 23 4 131 45 10 116 17 31 48 152 54 124 54 46 35 3 37 27 89 46 33 8 41 26 29 0 0 59 16 8 69 81 20 83 23 36 47 27 53 79 75 7 69 
42 87 34 12 55 31 129 36 41 94 116 5 17 65 7 111 136 12 11 14 46 110 137 161 8 33 33 63 4 13 40 35 94 1 38 9 128 34 9 4 99 3 32 94 52 55 37 21 18 71 18 54 1 15 75 0 34 77 100 137 73 57 124 142 50 76 14 73 55 33 97 45 12 83 4 54 7 54 178 84 118 20 28 20 125 20 60 40 4 131 30 114 23 55 89 26 81 66 47 87 19 39 67 94 130 57 14 76 76 61 34 124 79 50 0 106 72 56 44 93 3 28 50 3 25 1 20 39 17 50 
46 3 5 0 84 42 61 24 3 16 108 107 54 7 20 0 27 71 6 23 40 59 2 30 105 39 17 4 1 71 85 34 92 24 16 73 49 48 13 43 42 92 48 60 14 71 27 17 6 82 26 7 0 16 41 12 15 50 79 62 42 40 39 89 11 8 26 30 50 30 50 17 31 5 3 26 58 1 59 27 22 28 5 16 51 22 17 64 28 72 12 7 71 11 34 53 90 95 48 0 19 20 5 7 36 107 14 6 26 12 59 74 59 15 24 0 6 76 14 82 12 43 3 40 15 11 17 61 48 1 
44 45 103 46 56 105 11 36 31 53 69 47 56 13 17 15 50 94 4 90 7 44 3 37 140 94 8 69 46 59 135 74 0 13 0 26 15 17 45 95 33 86 90 35 42 73 63 89 83 55 89 6 52 104 16 8 32 54 71 22 38 70 57 45 48 32 67 21 13 65 11 25 13 86 21 28 89 66 47 81 17 78 21 76 7 66 38 110 26 82 9 25 87 40 29 87 59 92 74 36 3 11 23 62 21 78 43 75 7 35 5 41 8 3 135 56 0 14 89 15 29 13 70 59 42 3 37 92 17 4 
6 33 193 62 12 41 45 89 59 24 19 70 57 54 74 42 11 68 43 126 132 4 24 168 21 56 82 47 54 82 75 46 52 162 101 9 82 46 36 8 144 0 29 138 44 16 24 117 38 13 14 77 121 92 15 7 40 0 106 67 150 15 24 18 34 11 64 75 5 64 30 73 24 33 46 50 75 173 36 206 29 2 5 40 29 29 8 45 66 104 78 14 108 66 204 83 207 19 36 101 144 29 83 82 1 1 47 81 50 75 10 48 3 54 74 105 108 0 14 23 69 86 14 163 47 16 47 13 48 38 
26 28 52 11 130 3 4 17 11 54 72 38 22 48 8 51 133 53 81 38 102 64 64 76 30 14 8 51 10 51 49 6 60 24 96 55 113 6 0 26 153 53 99 102 34 32 44 7 58 74 6 53 18 42 73 7 7 39 7 9 58 2 99 5 46 25 29 54 71 86 0 30 24 30 5 28 15 26 36 47 53 1 38 21 92 48 59 23 21 87 3 82 62 99 10 38 75 30 62 70 85 54 45 47 67 94 2 104 30 44 79 7 28 18 8 36 12 11 0 76 34 16 21 29 86 36 31 18 63 25 
46 25 101 9 40 77 81 130 44 94 8 161 95 91 40 15 16 38 21 48 30 13 67 37 20 62 87 111 61 102 172 45 9 15 10 130 53 62 20 90 29 96 92 38 11 60 71 102 43 0 77 16 91 88 49 42 83 69 18 20 11 79 5 8 92 10 19 51 19 106 37 38 84 10 71 93 155 49 38 174 21 64 59 3 54 94 63 96 10 83 18 6 85 49 92 54 159 79 140 54 34 69 10 62 95 127 61 65 35 95 94 33 34 34 170 19 2 140 80 0 174 38 20 40 169 29 108 141 0 56 
45 20 137 5 46 5 21 25 54 29 122 8 13 73 105 14 114 18 130 13 139 100 98 28 29 2 50 19 32 82 59 115 60 29 84 17 20 28 18 26 144 2 128 124 18 3 60 23 49 127 4 115 7 28 35 3 36 48 58 7 139 41 89 139 0 40 39 38 0 9 57 70 49 0 59 1 29 133 134 141 99 28 86 49 126 19 9 24 4 67 1 64 26 79 93 53 130 52 9 9 45 88 65 21 75 56 48 88 37 89 40 38 39 42 2 88 5 47 16 95 0 64 42 66 56 53 6 4 91 8 
11 55 10 100 60 111 76 0 35 31 97 56 9 60 9 9 11 146 3 166 14 54 15 15 21 81 63 15 46 26 66 68 26 0 17 109 39 47 70 48 61 109 14 31 82 39 32 62 71 41 96 38 89 56 30 22 9 74 133 20 11 79 40 14 25 26 74 1 5 75 57 35 21 69 56 20 14 36 18 52 23 92 0 31 93 3 49 13 34 43 90 30 19 17 54 111 96 18 65 28 58 40 0 37 84 24 10 61 40 19 62 59 43 7 37 26 2 62 14 25 111 0 57 57 139 56 106 62 15 23 
7 73 143 25 65 2 21 13 81 5 22 3 30 56 18 83 47 125 68 45 57 20 30 117 89 11 101 33 43 72 163 1 163 128 4 10 126 1 55 0 144 3 27 69 8 24 109 53 115 117 26 56 82 72 27 33 27 0 47 86 44 52 71 53 4 48 100 84 100 9 6 60 73 26 27 23 55 42 74 125 46 39 22 26 22 9 62 2 104 112 44 44 72 58 149 41 75 9 115 64 5 0 32 74 16 10 50 50 15 23 14 24 2 26 11 41 14 29 59 38 45 45 0 108 83 8 4 46 21 3 
53 15 82 116 2 142 25 118 57 20 65 206 152 76 29 38 7 32 46 119 10 60 24 12 40 141 82 134 81 129 97 3 90 11 16 193 5 98 124 14 46 148 47 3 28 29 27 109 91 13 38 90 63 107 33 75 29 134 122 3 0 70 4 15 135 15 35 59 15 26 41 9 10 95 10 0 1 6 3 67 63 36 46 138 40 74 29 103 85 12 118 33 42 13 19 15 101 155 50 46 10 64 50 61 143 4 22 32 29 42 160 61 132 9 37 0 29 129 129 29 64 1 20 0 28 144 76 134 29 85 
166 15 23 35 48 81 62 104 77 72 192 59 133 39 55 56 135 142 57 24 69 75 162 7 67 55 11 11 109 56 6 14 11 8 97 109 51 0 175 127 0 127 5 22 163 124 72 70 1 3 10 111 38 40 156 89 76 189 21 31 101 58 82 64 84 58 56 53 92 21 94 78 64 71 97 148 97 35 13 2 64 126 82 51 147 35 13 122 70 6 91 35 17 72 27 18 1 141 21 76 40 150 110 2 21 150 53 65 51 31 42 77 19 47 111 38 115 13 101 109 152 126 182 71 0 67 109 36 8 70 
0 32 142 5 78 45 30 60 63 2 38 60 23 63 1 70 7 98 84 102 90 1 55 105 5 23 108 51 64 84 84 70 93 6 4 18 42 116 65 2 111 20 55 7 3 24 131 2 11 116 16 28 5 84 17 50 48 7 117 85 50 57 40 66 16 90 29 125 51 94 29 74 105 19 28 25 87 67 19 141 9 8 32 42 41 118 21 6 99 38 15 38 63 1 160 33 90 18 140 102 61 33 44 85 6 36 21 21 39 85 9 19 4 60 60 74 28 10 5 38 12 56 7 42 143 0 45 4 22 63 
13 35 101 14 89 5 83 33 40 4 8 29 9 24 31 79 165 64 39 1 80 38 26 70 28 19 36 19 33 54 119 108 16 5 30 16 11 3 4 3 29 50 59 154 14 1 59 35 118 68 19 78 62 28 43 16 2 41 102 117 122 14 29 81 18 28 79 93 84 106 2 37 26 17 6 11 10 159 98 46 28 5 70 47 96 44 84 4 46 12 28 47 131 8 74 66 11 23 129 96 55 5 70 95 8 79 13 15 55 90 12 41 34 30 28 29 5 1 19 3 1 71 4 21 14 33 0 5 23 7 
16 89 98 4 88 15 18 14 29 30 73 20 18 74 76 104 119 64 133 67 65 44 124 22 32 45 74 3 52 6 133 33 163 129 69 9 147 74 1 16 93 41 82 62 34 20 26 6 25 136 29 25 36 26 63 9 32 24 46 79 144 18 80 102 9 73 66 21 146 9 35 46 57 5 2 12 31 180 168 45 8 6 18 30 76 12 76 7 101 146 2 97 98 24 151 18 16 20 133 74 117 34 75 13 22 60 1 78 83 82 61 47 34 58 22 76 120 9 1 55 18 88 34 40 165 26 0 0 52 11 
53 73 95 45 17 40 24 124 12 79 23 78 136 26 49 84 13 69 15 49 29 36 9 25 155 100 7 99 6 89 170 17 33 41 14 105 65 0 82 92 9 76 91 25 48 10 84 12 76 9 113 9 95 57 27 23 26 86 86 20 71 116 66 20 35 75 27 8 6 103 18 28 84 63 14 74 102 61 66 55 31 37 16 77 33 39 34 52 81 53 139 11 73 10 83 45 46 38 40 13 35 25 24 18 49 80 40 71 7 79 62 23 63 8 58 20 10 97 72 13 19 25 55 63 5 25 14 75 0 64 
10 50 15 0 65 2 23 8 15 46 45 39 30 51 4 37 63 5 99 20 77 45 79 41 21 12 35 3 34 56 121 55 122 6 101 35 84 51 21 9 178 8 107 79 14 25 116 46 126 156 24 92 46 41 61 38 36 21 42 55 25 50 58 115 24 15 96 30 26 43 18 4 114 27 43 0 12 145 159 146 38 0 48 38 1 60 52 5 46 129 22 84 36 36 150 16 115 33 89 19 118 25 39 44 27 44 15 115 6 31 61 103 40 95 8 28 25 38 8 44 18 30 3 81 40 19 12 11 50 0 
