276.3540574371783 865.8606390705481 
-936.8914738952767 962.8994343863073 
-273.7044739709824 -962.1989936213351 
9.768886061261695 -554.0747297381516 
-475.35623137806857 -877.3550704282627 
750.5351736794989 -506.2220116008198 
197.39382752920443 -184.71842785209057 
-443.20228440419476 -718.6145457578133 
-411.34985992053583 709.8554191134197 
-962.819240941583 -767.7378455476194 
-764.7197419497609 -86.4638336514978 
118.05734821116064 895.5429399734014 
-889.4821586998848 -282.6135963711347 
147.81960656903982 481.76893948324914 
326.11144654809567 -178.19989618975396 
321.22377175166395 761.2085131894898 
-362.64374321089707 235.56916289805963 
-156.90384882640052 18.595117823713814 
-911.1048812940918 999.4180218668407 
-787.8744516593215 719.2918116349152 
444.97879693184507 -651.8626044327267 
-717.2801889239466 315.6255988710404 
-750.3750794793624 814.9101376026733 
350.899326680487 977.439906723949 
-865.1050419356084 -196.39346563152182 
836.6588565111665 -193.1178152301989 
180.31519185316913 -10.001775075637376 
-221.0306739073933 874.2512566487077 
-152.12633145037248 -488.37266593100327 
-306.74254177406436 855.0442371068369 
13.347761324899565 -226.46011066892035 
791.7852030174187 833.6218564137821 
-456.76220435574623 360.00001336052566 
420.89778198265026 595.8489815155394 
-202.18111294073583 6.806692136026804 
944.1034999531234 315.56911001526754 
39.62825516310353 694.4202501476078 
-247.1695905617135 391.09179405463567 
309.35128678294177 -723.7690734295952 
-181.61696432233975 98.75051457144734 
-168.23328294705476 463.22578957019346 
823.7509427086637 -685.0301303702208 
-79.244267768799 875.6174505676948 
-542.1153833825982 -452.456995237154 
0.4291470419937049 -188.9241780283557 
-214.50502830978314 -448.30952094196095 
-518.1642646130529 -565.825253937961 
585.8330511972982 -510.64101444833574 
84.5836076601687 -289.2101512443812 
-603.9516660916017 -213.88564446552016 
290.9315276983206 -227.35725865497304 
-745.005997499268 -860.612435889898 
234.83226069527086 -393.29140126878895 
-636.7590032264068 -212.91073700100793 
366.1812880493136 -613.4444569188584 
648.5840861372208 941.0892913057068 
504.7713426213898 -355.9214488794875 
642.1343946919567 794.2261171689879 
-771.8182586413003 -603.3089334022999 
399.17343899854194 -77.78519103292703 
258.5459165343982 -549.9228933680424 
854.9715213608622 772.2496033350061 
-425.96234100966933 408.68561049954997 
699.4992012842407 47.893860747715955 
661.0838335758755 -108.57368006752854 
-175.29014563447953 -482.3662859421036 
692.3735108435432 209.66628867193137 
-838.8615134957058 -110.16199510386416 
604.7142306834647 124.39308476751454 
-911.3499326275764 947.8551696181743 
411.1639448987081 -643.6071883713223 
453.8079316084327 767.5233663120093 
-342.49636769451695 315.20204799084064 
941.2712665029482 270.54976496959847 
635.6566064068741 562.7060469449902 
-845.6426002541205 -102.46829584186501 
42.36511049272673 519.9586107331576 
225.57702973967776 -300.9521155664636 
-579.273640800674 -886.0923477344649 
396.44433378700984 -10.50158237402532 
-111.80166866878083 -943.6420043741111 
655.6033195766413 -600.4117371940463 
189.1940195781998 925.387773575552 
319.68194518307035 -51.02393223780477 
400.12228404571147 -819.1424905011102 
-375.53145558295455 656.0403890303761 
-309.06769582161763 952.9491545557429 
338.45969570028745 -783.7747368287073 
-81.7893566607577 823.6885112213854 
585.0705700692163 168.23232879408368 
-248.16098272312948 167.96066296949252 
-636.017804297752 -527.2378468296257 
-760.2936626597832 463.68166775539055 
880.3668842313641 -444.8725402754994 
-640.3336180023335 750.8375919659012 
-165.43079676359707 844.1238256180967 
-300.55222479742616 964.0930261169993 
301.05721416641893 -881.2380493637187 
-717.9361518125131 -615.3093018201279 
984.6131002265437 -45.77120652312927 
738.5483023850741 -380.5872358533375 
-372.8104069025906 411.6849675486809 
-992.2027686755912 -593.2931585025206 
-755.0651776579039 -515.9581658538061 
538.5311427349421 -737.1218037389416 
-894.0066868761585 748.836811993129 
420.68376846949576 -407.0131879830592 
-921.8588578695473 -367.53120817191507 
-971.8699686350316 -195.4473689798477 
587.9987185731252 -987.284456157008 
-856.683800439424 -785.4304194642274 
-689.1934155876462 -66.74069361585167 
186.9301694837644 422.2281574932549 
-443.5915407195212 -405.3846371550294 
271.03091270435556 441.5150112923365 
-618.8448026269575 -726.1455851877647 
279.5795636644345 271.61491791173995 
-106.6579899617266 -167.11676755991434 
33.13088607433845 749.4593670414074 
233.44527377289825 -799.7276874888078 
569.5581778432153 -726.0629909988774 
368.8117383444436 599.8032452814082 
-470.9106687809075 357.551709791059 
-665.9979680993116 -652.1627328473265 
682.676826924188 614.3348143116165 
-292.4341596789415 378.89051384052783 
-249.9678885256229 426.43627607390266 
225.76149700213355 -916.2674994392044 
