873.3406343263588 -847.868776979727 
-948.7609403045303 -111.94501288772352 
-686.2403340464447 352.8209310731234 
293.8594809734392 -576.4319834476437 
-955.3757714555775 -802.071643489015 
-269.1690359560053 -531.5686799266667 
353.82611936653376 -798.216281274635 
-36.03272951408654 -977.5025910063764 
-245.83737303521525 -586.7883702981613 
170.8765626527966 699.4375502271914 
600.7465163594529 255.60029579611233 
-144.2100128635495 -479.20232256472883 
657.0328511156731 158.40620603237255 
943.7155524264244 -171.76881064877847 
-843.2686054801321 -953.7314530267056 
-789.1788289630289 -911.638566411418 
276.00033084301634 27.233571395391067 
147.07203029893324 -981.8920575730998 
-987.1402132382798 570.2784548431122 
979.6266434967218 155.48645157018814 
256.67175962073264 -259.9330275143981 
32.62962980250905 -500.3207524863578 
-844.7142546961451 400.07648363060014 
-555.0252934798718 -117.97109867978995 
641.9053939600767 -521.749931402206 
965.0803400666947 -109.7713132449878 
116.28077300860151 -105.74587129005764 
233.95778952927594 -306.8309428177085 
409.0634277670133 986.5698095134366 
191.40637069210075 901.5757669290383 
-385.42246923512755 140.58714984873387 
506.27466370884 -869.2306900595057 
-533.3150691970152 -242.1280373745902 
995.7264548936024 280.82967252028214 
324.52371551489614 -866.1559335080897 
605.9390587050351 820.537137369324 
-869.4275552715199 256.9182976629474 
-995.5631685994313 909.9901489939639 
-687.6400963916367 -17.678192162013495 
746.9624217506079 370.342301892479 
126.84547747356412 -695.0869759556107 
-836.5526952767979 265.34626909781656 
-970.4569072622553 -850.7870041015939 
-204.65841399420782 803.3207503276569 
-904.2999237473734 961.4044350374476 
269.4019613327647 683.5242883379649 
-854.7798121693199 -288.96100406092097 
-785.7943045611977 809.0281944219115 
513.6199145183466 588.9726854480848 
-823.5115454796024 204.62794932286266 
508.0397579383236 -266.58987474021313 
83.64028437055838 -919.6938664206435 
-44.217219137357546 -372.5634624291665 
-888.9435168961637 -901.3986075148075 
429.58790690715 -211.49763644691322 
70.04315434565012 -371.10377896416315 
-968.6230523265931 8.849982572759929 
113.35817372580559 -392.7792650673134 
823.2268346385814 -73.46678266863171 
663.1685384734171 257.6793173810672 
648.8070996740976 -150.956239893014 
-93.71368519596346 651.7760520749836 
-222.5541062583487 -371.6774279871202 
-872.7211518695832 450.52120817853415 
508.46893839037466 -456.7784677842377 
-729.4196767239316 492.68024882627225 
-36.191226220994466 -774.6879293464186 
982.5459122808393 -561.6376180329825 
587.6689193736946 -81.32629620238573 
236.6980494151776 -989.4372186260199 
900.1463177985049 856.6831393854502 
-922.2902958572823 899.7451082806616 
567.8745183844837 920.7171419734597 
-902.5471579052198 -615.1597669942225 
724.4804220846015 -708.190445959292 
706.9841801238919 512.6457146595791 
882.7449586472911 875.6785890458863 
705.6084610298236 -588.6223324133662 
330.89246562143694 -176.55611939560777 
-869.9835351914907 -856.4589871172641 
-696.0075257632432 -610.5902938613468 
950.586323921022 -854.5399393588528 
-788.5041602552399 -869.4067019166079 
789.7452936342399 554.6600666871204 
-555.2706278909205 -923.613788639308 
322.625351124608 339.97913690471006 
-328.1170529836106 -79.8628563778121 
-0.04064979158724391 107.14648843528151 
-733.7410345171648 927.9493290063497 
-17.4196227678014 542.1665881320898 
-926.5235015972013 -542.8516847977818 
-588.1626711587382 -565.8801941059892 
552.8643773839863 -383.9374698843152 
-458.7109373107081 235.24353019711987 
430.1878169731117 544.6360657166957 
714.5042886081527 -538.934452642841 
223.22310522827803 -963.4035743875851 
582.0874234662605 68.3142254854785 
-907.3239747689316 456.6295346719018 
817.5902432176966 432.9848538207635 
972.9280537869851 -736.7012068371674 
-843.4149459262845 -772.20728295807 
-891.7973184848152 -27.176344149932863 
834.9569923139791 -245.8688582526305 
-76.3793796260277 871.1373742540629 
644.6420934004426 313.1882008193112 
-342.6985506798714 -197.36086622060435 
488.2639753406659 588.6266718510644 
-882.1895890318956 682.5491560200198 
863.1534338162521 31.70360098651548 
-685.4618438912547 -47.805528245906224 
-659.8488320094565 824.7136125144281 
886.883784336975 -888.7674044696827 
-695.0190552214189 -249.96092640705592 
275.18664370418657 324.4902085756949 
609.2606014363608 -491.613442012286 
316.9969748913224 521.9995518969218 
-838.8451442136942 -474.0969287859886 
-761.960633616125 -784.5421555352423 
281.9267601227089 -828.8870205643841 
-493.6694497331027 -132.78806863853566 
-356.7315580342469 102.36142109055146 
539.9541868307947 -82.20017383052891 
-453.2821903836881 -474.9804548797334 
-796.7757209695278 378.6284576407897 
154.45327469771718 -495.4262316863447 
-612.8878514791021 -73.32134984851879 
-126.96343789448639 952.4147981588895 
462.97627755943813 -960.9693575435085 
-566.4727061261459 -426.51338128997793 
630.8047783584105 462.850592626016 
163.07590696411233 437.9435415372126 
-869.3065289176529 712.3430993024249 
-321.1481853788345 703.7395278128326 
879.4441215441868 -475.60536560089963 
713.4089194478046 759.5720871723681 
256.8557659777706 16.087177918319817 
-530.1199319408521 -526.0045496573659 
-734.0009084338149 -685.8269685993707 
226.89955488066494 331.2276770725722 
989.7816386171235 -974.8228566124801 
-97.25969787685362 67.60802241047115 
-817.4660561723392 128.11013549543526 
870.307845124068 -449.3137766885844 
-322.1580552561678 761.3419032642032 
605.6639092965022 872.7804414518512 
238.612651281195 -647.4283548246067 
226.3985722931925 75.63290985135906 
904.5871295475325 -27.285881279186075 
-326.245068167943 78.70626377538126 
-663.726785179751 899.7110718595998 
-444.1951683511429 615.7233957260555 
-254.11960859848625 344.5259580380871 
659.7881990280472 375.7731720364772 
119.37237523750066 555.7895210120491 
822.8216595532889 486.53193861748025 
-500.14924384752726 659.9892567706038 
887.2363506883713 988.3460373058294 
114.80846510327125 -72.07779663761738 
-360.5193317268049 -858.6165061072057 
217.82053515793498 260.3361482105422 
97.41897635385577 -953.1857768831682 
218.71602427984783 -517.6830330296347 
-234.5935278680984 -773.2734751151618 
633.368442488631 -390.51337093328533 
531.8244530069074 -885.3604722083768 
821.2013214220506 533.2647278453484 
-67.42586770529103 2.536035618560639 
-393.7190532495267 123.98162310657202 
578.7060882961322 -615.8656679051824 
-45.561015763054826 818.4634767381554 
-370.28628460457026 981.889384417248 
-234.25561043326826 -490.6036485935432 
68.1424497319183 -569.8231861022698 
95.81717754547836 -804.9374365658012 
258.4588664675993 587.4724457340752 
236.5677509719084 420.9242272980276 
-654.3743340260993 -125.76757237246805 
-195.43626664651325 112.85072723928624 
-419.0649597016054 490.72449273516304 
731.5431880842337 -762.7190246469944 
101.144187109661 -134.37268754064436 
500.97661898484193 -981.0613004379944 
-478.9797454739426 -800.6165040721431 
-396.50826743799337 959.9326641772714 
747.3180799391243 878.6392061240493 
288.42349427288025 -825.8911615195026 
-403.001528438121 -302.2350207312405 
646.0873339986995 132.17483162407962 
-426.4101012269843 -263.6227144790935 
-160.92142298715893 -411.803078423244 
1.2750873724713951 -182.73681684805564 
-166.25884920242794 -841.5219690295899 
633.660654154919 -259.9457721603495 
-699.0785123087029 961.7203180154894 
586.4336594661206 744.1659254238782 
671.4293270718028 -125.11185596648211 
948.6155484787159 629.5415694541282 
-697.3164315403297 249.561173238551 
663.4006672104384 427.16329360025094 
783.4264023364308 -386.33056077355144 
20.593152063696163 -523.6200086356657 
818.3445206256239 305.0539728960375 
-425.58021338260943 -430.1170098241431 
-792.8653223291917 -59.24042621397785 
-404.1096468977794 840.0456626657584 
-144.665506136884 -344.62621111725576 
264.6303918918531 679.4791726369181 
231.96670032220567 220.02878018753646 
895.1016572069994 618.8965329181477 
878.9213277788266 101.86205363900424 
-688.7441716488312 33.19510626496714 
945.2877489529385 -540.0977422273945 
705.3489027758484 962.4195684998933 
-663.7954264448798 802.7954408369444 
-460.4664866226562 937.8104337157347 
343.12665926784416 -565.7841395670105 
49.3758257024417 761.0680857573267 
-966.2629823819838 -124.45692331184999 
576.4820548869783 -109.86368864772756 
541.9038897539361 81.97129172460916 
653.5921771268738 -675.1281028297391 
299.1953694710241 -488.505970213843 
348.8699191670925 643.3353654342318 
-966.0989439727814 789.9031089372213 
-441.2137414060078 -798.1279802350059 
-888.3774589907146 596.0278850291037 
-895.9316952079084 -124.88802266569365 
-912.4108861250719 -908.1600462615573 
-605.9808674516305 -92.76225890162127 
-952.6549743979549 -765.4494133259419 
243.12046426811796 -626.1779668105424 
-979.3795946342551 -341.2933087161869 
328.0557066918905 434.53956222395607 
-857.1419976795191 570.4801107172852 
-592.4872222770947 76.1922633799379 
-357.63200952229954 305.4539813934731 
77.76089475114745 316.2567089723729 
-210.50971326392 -87.41333771784187 
496.8797034127921 118.02493985838525 
885.8108742184918 658.359023282097 
836.7234007772744 -219.28167675184883 
663.4756321253539 79.60178490619363 
-637.8078473574747 303.33232292810396 
206.58092099070146 -812.0845169774906 
-937.1136787211311 23.08532085495507 
894.269294879596 -852.5093558106156 
713.1145261819321 380.53287264632706 
-56.776512777473755 -622.4117976777577 
-586.4438376551859 -812.5040677634241 
-338.02571706315086 -323.72985236116733 
-728.7291221653869 -530.8004944842844 
681.037807303788 836.3355824771661 
-346.3906752132688 22.57264074968579 
107.68788959498288 883.1140999739462 
-259.7291826423296 -107.34204030464345 
822.3786906234008 -722.4159986183827 
