-578.7060791784442 544.8649294409967 
-295.9842808648987 -983.362407667395 
-511.848181965922 -434.5148445150955 
-225.17844696973555 470.5929032844012 
241.8196025411279 740.6215268315626 
-20.810671587796705 -96.42192199862043 
392.44305391347933 307.14853283893495 
808.5641648964558 159.87087434024016 
-292.3137658314883 -589.5417047164142 
307.9702969251621 641.8331739830662 
477.45936750054653 -479.0334265599683 
663.7444162873121 229.58354103778066 
-89.05499185182309 611.7756828191874 
-796.6687677657068 775.3892197547392 
-715.179060267862 815.0119711402408 
-295.08698651035445 -325.4677797458303 
972.6033108299677 -721.8321129676233 
781.3260354020055 -191.73541351765812 
700.3579660232082 -342.51506636183706 
996.1055783645356 512.9204520691093 
745.2405431045414 169.21214827030994 
-427.25466260602894 166.95954289126448 
-939.4274313443387 942.2501501239036 
676.3800454151285 -662.4863362217596 
-344.9172887539851 -537.3577948890604 
445.10594132393624 327.7853918122153 
146.7346858493892 295.0058372306048 
-284.80753620024734 -135.6902209861721 
27.61142804692551 -238.20262823804163 
935.4455967655377 730.4842446329259 
543.0834649985763 -826.6637190824501 
976.079696795717 -3.4289459386862564 
-448.4788906494335 313.7583834090907 
273.2448298387302 878.9344545478373 
582.5861337378603 108.84923386666668 
406.59166971443227 -355.97698566861567 
-906.8093774500552 -304.70785569741497 
119.90875593027073 815.5285092308593 
-405.83786735919557 -206.99420180320848 
-552.3072855317062 -869.5177592225535 
845.3636732859013 -899.8754401125542 
-558.5619896427125 860.2256047092613 
548.9318927211426 -793.1380096828437 
750.6390376258144 471.7483200037846 
-907.4080576127748 746.069098212901 
525.1177101366977 236.50653063751116 
148.11033213217218 287.2421928152802 
429.9011587557748 -370.8073683211999 
-48.39845211266991 828.3344747285502 
735.22723611066 -393.0412903030975 
-480.9515399708688 -246.35807222521743 
-685.3893090315984 921.6234233154355 
-197.70395536783613 304.3758829343477 
-706.2585641786858 786.7443326068803 
-890.0900068112023 740.9039720013628 
552.7510456864375 -537.6191727296316 
157.33714377037677 -142.92853090403446 
-697.4165928205796 -334.54705553678156 
-378.9509925040444 -412.3982270390498 
-739.4794821838273 -125.53659219505597 
519.7648842030436 45.12063852434856 
504.02517137220525 932.1268780753966 
-671.5697295500443 -982.8824195809127 
663.0448223896364 -502.91704324837605 
779.8810390122824 70.85871423621049 
-15.869563476641257 583.9615483422882 
684.632804549542 -524.4136218207984 
-543.5545923589556 672.0208713584648 
-234.43008906882045 628.7138466614201 
684.993273971738 -153.47360453592174 
20.103717951560185 -257.57222283835966 
-413.11757095366187 332.84137368207143 
-570.6682334025957 342.2225041704434 
-888.3672635854425 896.4860252541042 
-205.23889961677955 237.12859695287847 
-814.5966524366517 -773.2714027484467 
-753.5142108016742 751.1561816494769 
172.98540237958116 -688.3764275746722 
829.6944340665414 687.4308581252475 
7.604708493719636 -374.32959555727984 
117.01969568023296 536.5995004360686 
-780.0729800552976 391.36200765208827 
174.25024769865493 -940.8871487478194 
343.918180305649 -448.5748851465101 
505.46541484825116 791.4728404958142 
-652.8607234995367 935.3993189669461 
225.39533532662625 -410.0662319961745 
647.6584830663317 463.9349200032696 
-572.5686202581102 -197.8210177544255 
303.48923098025324 -294.4320020246891 
12.467424873698674 -469.07946161848366 
502.4544379042717 -136.78514268903675 
896.1810707462903 -942.8966079174561 
-388.458613028043 -262.53111739959013 
-59.239831951433786 -708.5147614651255 
715.0098732776828 394.923060113078 
366.4256105841928 363.3057450906867 
-474.8806052284011 -193.92016394434154 
-198.98509514124197 -416.9708547037145 
978.7040331095154 699.2201440752958 
463.25375663224435 502.58373921106926 
-797.1411330652876 93.92768372877569 
315.96005556053177 235.5961732427838 
-666.1762990319811 329.63710863911854 
928.7884478519817 383.0045325799281 
-156.0123024645601 370.1379204158504 
-537.3637852929028 192.82980031020293 
977.2206047232954 -327.9540156118548 
-653.103388426555 -8.915856797557575 
909.5053412747877 420.5485037550123 
682.5487428361541 -488.01073925512475 
935.2618507272495 -586.0048888630815 
-722.118047422295 465.3057135639598 
-982.0939993968614 -310.84819055161427 
-989.3865879196171 -609.4809898839402 
-783.9039176738223 347.939745782456 
-359.71007814772315 497.3188492605869 
-229.76247237278648 -738.7580547017974 
147.41597306755327 -899.3699176425132 
902.114868445019 -760.815643582497 
-304.0672730699268 271.18817225712854 
-396.014896234552 -331.0702949620712 
-780.6008898581591 -245.5515177647265 
-814.9211289372496 -883.4067145333169 
-501.0727974657361 686.3072212836121 
936.9166663046658 550.0873087770582 
103.22059435342723 202.16282202599788 
117.24694313018836 -121.25924893262385 
143.0180085933821 259.7982475577714 
-616.5109877606134 232.06850223383825 
34.104897939599255 -839.2855169075073 
-640.4930777103093 -431.5357641126258 
-814.6111098347828 342.82653060440447 
-551.6575261602759 149.46945706001569 
828.1316544450956 22.627747075649516 
-560.8053447975199 839.9781645965061 
-929.4706101587165 -271.7484438801434 
435.4426383798491 -191.37800253057645 
764.4073550377368 826.8661739635069 
352.2566160114906 733.8758284071367 
318.1830960678806 33.195856282211 
-704.5042973975319 -232.8464769378371 
-679.0139542282596 -381.86755597029907 
237.21802812554006 -227.88751269395124 
-787.2840140545978 -760.0107463647656 
334.53092787638974 785.1704761760441 
217.16715663186736 578.5590776433827 
870.5247749748448 -17.703422346204476 
503.09480272838283 845.5470991207663 
349.5557718341817 -288.0204012768874 
-861.8128502905888 756.4635803636404 
-363.8122266535915 128.85945186448765 
-850.4953658166619 -375.87932492048236 
560.7676969788557 -854.6483565904858 
-876.4006568719574 420.88918944390684 
-46.68728573361203 50.924903884022044 
234.5332078588187 -725.6709478320149 
575.1346705796576 876.1183946257685 
-135.28890920322613 621.8648160347528 
-379.8045012102145 -221.0069980259286 
357.1304591439457 253.15641399417532 
302.7237247427847 195.00462644920137 
218.24102497601828 -894.9139613830797 
-209.59621121363492 -228.14324259935347 
-457.80037757947366 -159.06206372398057 
-947.9935965110069 -911.9511279609823 
-366.46641341302933 487.3583360299294 
551.3482008561783 -101.28411022421302 
-148.9512364301 -621.4262643749921 
-906.7189844142603 -496.5873507766898 
-16.139561676167034 40.04748307770845 
536.3447247178755 381.5536008999105 
-29.54928868013118 -53.54075646004053 
635.061170213008 -440.41034094207123 
593.9082524097803 469.2030750291842 
-78.95821130482594 -330.46901386003947 
218.38202260451612 -325.7431191817943 
106.82887177555212 107.35109474698068 
-772.6999516376555 725.4676345786479 
-13.45773195666089 -39.95858679415632 
505.46502878803733 -961.256412601905 
-676.9017930319052 442.2276167966634 
-29.355514404969753 635.4175728534557 
891.6055980392903 -137.21588451446044 
-505.2819324820612 -132.28093293731914 
483.8915925659837 5.250332215231968 
276.88480917846834 616.8975746887866 
866.7653180385628 647.6607842755917 
-708.9708209605732 111.91558808589531 
93.17398558616419 -330.3708262275067 
394.3119046490342 700.1266131604074 
44.58473884937497 903.5368294228132 
442.599454470904 105.59442542745701 
-968.7614497094876 86.29223950845444 
260.2773504745344 713.3199583470468 
-458.6446121170975 423.3884423400951 
431.44914123993505 -150.29223615482178 
808.4965652908471 -191.34673142477587 
366.4678379659529 -100.06012602492254 
-178.79972331477313 51.868880427603074 
-841.9376541094506 -1.8986683732580278 
64.52597342571642 -291.47697705004606 
-823.8189684096013 -604.6087258305369 
-280.3764523956902 94.08416968738021 
-347.51323753838625 105.39037834229647 
639.7495512334821 446.16913469058784 
397.45351648313164 130.83159025220058 
710.2162274227179 68.35808620568451 
-717.9175952525645 158.29020325592725 
600.8422326176712 -220.591817959527 
758.8819479057294 39.306693135253035 
-307.24192549894 64.30030730804882 
-201.84469151430994 50.68091967207123 
486.62255897196525 -57.92140720385031 
940.0698330304891 358.91777053995156 
737.2045048910089 990.7717368341329 
111.68550326974503 720.6611511744441 
-817.6601452928334 -379.317987658742 
251.5646215179792 142.88164470050168 
-360.61817491596935 927.4339575434825 
196.9993485161996 843.6115581544865 
663.0422273846452 -687.1156934635923 
103.91229658053302 98.48523019390055 
-418.4295170222292 -67.55071716635186 
-33.177609712550904 -304.52230772300595 
743.3274511255999 855.7552175554865 
943.7892816380937 -886.3341630577293 
147.42917118028376 134.29345051127052 
-485.8304268920479 -84.4487185676539 
-523.9444814164644 -734.934386899843 
169.22893833752005 98.8645083252826 
922.3750953732483 -546.9211414596493 
-360.75296512692347 -206.2204910184149 
545.368049228788 232.4516410736597 
874.0750693326543 -482.00488970394593 
115.79835511100755 196.3286677425953 
-935.0484874843341 549.4777392096593 
-467.4332217518091 953.2222224644336 
-141.5110665215946 -488.68265521643053 
162.71797773808805 358.9974271870025 
-917.3818619658416 783.6113279617223 
-167.44036460947999 -837.9189481215182 
-214.69501749650078 -24.63432381173103 
404.9395566227414 344.94358998871564 
175.05343033703724 -547.5604263953331 
-455.61695009626567 192.14213615318144 
505.82717027078326 -525.2497641603416 
-581.0319597955173 715.163788578228 
-882.231497524196 -420.1936646155024 
4.069659137655668 -417.5455042426996 
682.3815879172306 485.33241528045454 
782.7640570407428 83.86338300857443 
-418.61723208281455 -239.07731004962108 
-558.2363582954916 -49.395258178129176 
571.5647678991282 -393.875842808022 
-89.23054736790803 513.418568788391 
25.717067782450087 790.5084023183211 
-839.3119475029629 -880.0044950977895 
-253.7400860508139 -696.6850628913435 
-273.41197513719 769.4546067326833 
-137.49619799160206 906.7844386367185 
410.7512504554245 325.2540513389723 
177.70662519908953 482.2125358076239 
-453.8011251173622 -10.004167408603992 
-726.9664600258765 6.74693012547789 
165.07999716535028 408.1118378626982 
-150.95333738045858 -199.8760922467111 
814.9300563782755 472.4173022444327 
988.5298186716551 -853.8508845801153 
115.13867732112826 92.90078200291929 
-678.9372768145099 -724.8787392754928 
-97.12763831294579 -431.57824219324925 
120.47887202452957 491.0471112866463 
-524.589781176869 877.5972805307559 
454.20762407854465 630.691120809387 
-214.36511482696673 107.63406719372793 
844.3263324653462 -494.67985570082715 
384.76233082134394 349.15963634652616 
38.07302755115272 934.015386681527 
365.58358020312266 -473.60545731836055 
782.1484037202981 862.5051330340885 
-126.01610797030571 991.5347464079039 
306.03872999215855 811.0346903980051 
-619.5306357579651 -251.11374696822077 
-817.7302164582292 -691.913876843359 
-119.70305366794332 779.2363363857748 
-447.8440399106998 -629.2288557070145 
-333.4974845814529 -735.1941988628017 
406.68893693509347 544.15320121257 
-832.7078933083618 -558.6290229946565 
142.32266485167156 350.73727831335844 
253.99424215763867 900.1481620526667 
920.2436442757369 330.18767931144265 
36.862992677328954 347.7490606159659 
844.3760320848093 854.4217906387819 
48.2082333813314 568.7061910463444 
53.32519187471374 479.7921257384723 
-641.3487795403574 543.524354160652 
-880.4421344220799 -181.62625035314937 
863.1101635295744 960.4925374554427 
-213.17674267517873 823.0269769369902 
687.6712729802714 421.66997457199807 
421.63673380371324 -426.81454704698507 
-687.3448802018189 -608.9425675857776 
169.60581016542275 655.1054870384816 
-279.0401472799298 -921.8303560671908 
-411.4802664544723 192.8048074699602 
235.8693649982493 -296.9903597782981 
550.8154069838564 -467.45120792707627 
-166.6709840308278 -861.6610448075221 
-691.8720280850677 -50.39623783065017 
-81.41887027359584 17.871515152210193 
211.00754077864116 649.5660849763611 
413.5713637330094 974.377683454968 
745.3113267069989 278.3717147425304 
-597.1468328473466 992.9607264996018 
105.88067328450524 -642.4634849795084 
849.2260847161119 846.8377498522452 
-91.26582369452075 -695.4733563366023 
72.92014732076768 -262.6043194663663 
631.1920966029168 -154.36450683042736 
142.03149921996362 -428.7234490108685 
779.6659458875499 -544.6115442439094 
64.02302402596227 730.9153179470167 
572.2544661972914 -558.1457127536406 
-375.5904343336796 -987.3372992223289 
406.70633188105245 -514.2672964099804 
8.045656594776407 514.6299781060484 
916.8096040547593 -91.30545516934396 
-221.97313413139662 176.68128328964318 
-151.62068579159492 369.64775773814875 
-729.3531370506234 658.951034186257 
-54.00151279726684 -792.6215078179159 
802.3184222553989 338.711757222667 
-802.4376438860626 -867.4234833675833 
986.2829649919366 -509.6316004959176 
-16.25415958581744 165.7366605773276 
279.31866270200703 315.4955611753141 
-683.6444801178412 788.7670182901221 
-606.3033275666048 13.410041222022384 
-92.62335568792102 -907.6954955339951 
337.91805144861706 45.611500697023686 
225.0693595331199 632.8389585335734 
717.2280477100363 -377.40453195217924 
51.13417328114744 -42.985350212392916 
149.21463213167053 119.35875439502364 
-190.515057378579 -201.2103410848336 
-502.62934770633774 -863.4799555093065 
990.8312548322036 -699.1489227759222 
-803.0509947448053 -409.45524691584836 
846.3754313391815 239.68407167799356 
202.5916207777947 -363.2720994295688 
3.7472149679507183 122.8386592448527 
-826.5997433841566 906.3576696914013 
-494.7571747749455 603.7760550577027 
-44.285869940162705 -145.75623345600496 
-647.5290825503479 541.9851501267452 
-969.92285269018 -58.64367361213563 
-770.5834839533414 -834.0905461558012 
300.2094829503792 -804.9229659408766 
132.09083218044637 -938.4601115562085 
572.6202807786469 -803.9166022576322 
-835.3464244589599 -713.9073096511486 
370.67658327925 -493.0089440854608 
-777.9058115315531 -182.87190423296852 
-67.5602888138327 515.2604878068489 
-140.91454094221945 500.5108693035658 
942.1106625643863 136.38063240989462 
-681.4871718714921 329.66549118591183 
-312.82809618709615 0.33867046507474186 
236.15433382167717 -27.684388654045655 
307.262704239393 -235.61583219264915 
-381.5548681116083 614.6565530125938 
642.6276207287467 -249.75207788384023 
198.36197729497962 609.8365704653279 
626.0375727560181 -938.3579209185943 
-909.2576228559641 531.78427619186 
707.5810133644953 -247.50302812810298 
8.03694026740187 403.26477625635107 
582.4258927694124 149.42085836384544 
-855.0000129242286 -249.3702832326914 
-572.2885368298039 110.80430296749566 
-629.5257329611994 615.7509036863827 
-430.1257195854018 990.4308199542418 
653.6085620372147 503.6850814921434 
-810.8354960446875 162.54298410855128 
-233.96944343280833 431.99404209628824 
154.892711859836 -567.4856174527731 
114.95401814410866 -87.42141431424288 
-944.1207268861873 -315.90845991598246 
745.6151133715787 -550.4132760773857 
143.97301987173682 139.24396554563833 
884.2269154167645 828.5315863540437 
-761.2916074153444 882.5315584278819 
605.6091018427496 -570.4262305665344 
-580.1032016154251 581.798070027263 
731.5156105641028 -902.5429757008121 
570.3652637481049 714.3188288819888 
853.0910523314219 531.3021786334892 
604.0749476073606 256.5516622957249 
-489.2714241746123 -585.3616729221085 
-493.7298834747792 421.9915180057174 
-268.58755668431877 -242.6958873531946 
-138.62885782497813 856.0459612625122 
-11.56278502595387 965.7468762729786 
213.19948601251483 673.6502134225333 
916.3083778924719 821.6753105697501 
-989.8142091527882 -79.17397336286402 
664.8111810842652 86.63091308333205 
35.620342362225884 -805.6686570274878 
121.37421400508042 656.6972418119836 
40.96692049320194 384.0847684854685 
262.57741822556625 -79.09812373041491 
110.32921096325899 -118.92488547850633 
119.99144467555745 -223.25030652142019 
-491.95519957705545 -548.8895476543601 
176.5400344610757 -161.4712794260198 
-782.7582303922487 -301.11715012999474 
-70.4353847570598 -929.1888242258128 
682.1483636158931 -497.1386904893 
-162.13757084343783 -607.4529856305448 
520.3683543997495 -392.05626156623686 
-488.09339197165525 452.1129977551066 
-412.5544041549951 177.97727618931282 
-513.9068178309734 -486.62051416803774 
349.36041214208836 -772.0792014275141 
469.0017707463643 487.24858232029146 
895.2696008263117 -250.5354483898321 
-642.2857628294948 -483.33197567263664 
-687.7452149519526 481.67593391858276 
-232.5955451122017 807.3738269340522 
-933.5657303817093 -815.7433983205447 
991.8900934873847 -949.1791617960153 
-562.2364054854419 -125.27322140996722 
-15.23174900001778 -684.9964564266826 
-369.8611249779153 573.5215172617638 
-980.6484709342013 -318.76404650926384 
-613.7659439871817 600.1556306224054 
-921.6178055491098 -94.80060950182346 
493.86251090250346 -388.8146382385174 
473.5831453574502 -274.38119664873483 
311.49673634335204 -600.6283005731888 
-795.8514734067759 231.35581790147762 
-501.647398697701 -745.0301911394686 
-375.8364111092525 -385.6562623963906 
-264.3114041363677 892.1004309517149 
-962.3644227431141 191.0846441809999 
328.3434262532636 -127.89986237699313 
-437.5584075478645 -628.5844840985521 
-319.99928519454477 -226.3120146184796 
-238.1256508981029 -281.17740162256075 
916.6659592910194 -291.64561305443647 
150.16710062356853 -194.69938164591773 
-678.9913746982083 -53.45374084299181 
-735.1447575265464 87.31633506968794 
684.6750374442261 255.50233353143216 
84.59130224378187 288.49805070956023 
-970.9417602639534 -581.8128963591005 
-406.6784681667492 -393.90524738473954 
-910.500497636612 -666.7121593709593 
-582.5257342217919 935.5540155713176 
-397.3109218904849 -136.78358267275593 
-865.5047676451628 -858.8915031784943 
877.0247347491289 845.496468718487 
-635.5052116013758 -682.1305302371006 
-728.4571805782155 514.5576098600526 
-303.3783452206014 327.98302962760073 
201.1329234191961 -109.89964030244548 
984.2719397242277 170.24895772930782 
-803.3095009931741 917.9015758707034 
695.6945522741977 -451.493653217947 
-399.1974473882409 712.1339822513467 
-145.78009309370142 470.7076286389973 
531.4804527355778 702.8887336561133 
-441.38268817963655 650.5332788782686 
645.32240178706 -604.5403011186377 
-505.2304742234188 855.3394721927679 
-320.28195239591525 173.607271935732 
517.3546598413454 -708.456764537712 
-488.92418710036156 486.5334840323248 
130.2024951541436 459.92185714253543 
185.50297394315817 -804.1742448579987 
321.1126037658001 -838.1935387563179 
209.10593558508418 -867.4827136309071 
-867.4398049699694 216.00572140178764 
-604.706474986437 589.3283419650621 
320.8987517612867 -490.55890599744487 
-213.8366057542256 891.4895886618997 
722.0547788035308 490.14498355654325 
344.3756074214286 -868.1351729744713 
956.2246813015836 -615.4739539889636 
665.3402488462863 542.1475366173436 
-737.6038758537919 90.7656739428393 
282.12208708276523 210.44146025809707 
187.43211042466035 993.9671830503995 
647.7936453981227 -539.3963848477977 
234.77161348595854 -293.5502633372622 
-804.6471803066029 392.4574519207362 
847.9722258687867 9.579895056137877 
-750.1927672611835 164.74884848221504 
-962.7624987157277 240.709615265299 
563.7999716339581 322.2774474976917 
-547.0024186854209 -814.4022546312566 
434.9029094934704 -333.2138492056984 
-256.4236128098496 900.7832899373677 
-142.18971882445942 -889.1718190248807 
288.7660231144804 -672.8149028245183 
-912.253997729834 930.6698921847387 
625.4174961682672 -768.0564587051681 
12.63406025284075 974.299581468818 
604.8602499678477 747.7627832892872 
955.199801503738 886.1092781155928 
