0 120 93 6 162 34 93 74 33 72 72 3 163 11 95 6 75 42 42 44 12 77 52 2 18 34 11 11 3 21 83 42 26 19 58 54 27 18 20 83 20 86 7 75 61 62 61 91 71 126 48 122 101 116 26 32 40 21 35 5 66 3 68 28 98 73 17 36 40 82 6 17 68 61 46 61 18 49 167 65 40 135 0 7 77 10 12 143 33 33 78 134 26 61 91 26 24 53 60 49 72 50 73 83 33 1 56 7 55 179 175 130 33 110 10 65 42 77 2 37 125 18 34 96 3 71 12 75 
61 0 14 92 129 64 153 20 55 18 19 21 123 86 89 51 4 37 1 15 183 58 21 41 99 44 26 53 154 36 26 147 11 57 93 97 98 83 52 71 73 131 67 98 20 122 15 98 63 102 53 17 4 92 3 61 93 20 156 66 140 5 40 29 147 14 120 18 64 1 148 121 16 53 115 52 80 93 154 157 68 1 55 12 207 6 5 96 25 150 24 6 28 152 12 10 1 158 44 163 100 39 65 53 193 13 48 58 89 207 85 29 37 131 30 127 75 14 34 27 18 33 33 83 158 52 53 205 
159 3 0 21 19 75 30 9 129 52 28 60 24 142 7 44 101 37 63 173 60 20 66 187 12 122 17 44 16 67 35 66 23 62 53 16 60 65 54 11 17 70 122 53 62 35 14 40 44 59 75 31 53 39 69 112 44 166 15 90 48 25 31 1 46 2 119 90 96 154 42 96 127 127 124 92 30 71 14 13 4 39 186 39 14 45 76 39 156 10 34 44 149 47 133 144 111 15 2 26 41 6 54 58 14 90 82 81 35 35 43 55 20 55 3 37 41 53 54 22 20 160 70 21 159 70 93 34 
28 104 44 0 16 38 16 38 111 42 76 80 40 27 31 68 48 21 38 126 34 4 134 43 20 55 15 140 2 130 26 131 64 37 28 69 35 30 15 53 22 81 47 30 33 16 44 48 3 62 6 63 19 49 27 9 19 49 22 33 18 138 50 80 27 13 57 57 67 127 23 103 92 64 51 42 76 6 8 36 37 5 115 56 3 55 103 28 12 60 0 52 39 24 66 39 93 27 58 78 73 16 77 52 44 65 22 24 38 25 30 11 20 28 1 64 59 18 87 9 33 63 75 53 75 66 31 27 
40 14 17 40 0 44 2 9 81 43 43 102 62 36 57 178 85 66 175 128 25 117 105 191 23 104 92 43 8 125 58 128 42 86 79 29 106 34 30 72 8 114 6 16 9 44 6 5 8 45 53 15 22 49 15 37 24 103 36 3 16 185 51 22 20 47 30 68 84 114 10 131 80 106 138 44 9 8 9 55 18 10 19 17 28 137 19 3 103 133 85 12 65 119 71 90 179 37 25 110 97 118 40 18 51 10 47 27 11 0 28 77 123 31 46 7 96 75 79 8 100 124 56 1 103 81 4 42 
136 0 54 23 16 0 17 114 0 69 140 78 19 103 32 33 15 64 126 60 1 12 194 138 96 20 68 145 60 113 22 23 86 75 96 30 85 121 49 59 41 14 153 51 73 23 2 8 12 79 3 127 30 32 16 123 10 109 65 5 5 113 138 12 10 73 19 68 22 87 25 127 4 56 89 19 120 36 106 27 75 1 127 39 44 128 58 33 24 24 32 88 164 9 106 23 161 57 56 2 7 34 148 115 26 81 34 24 65 21 63 115 90 17 103 111 86 85 14 31 6 74 80 70 85 58 45 16 
73 144 25 1 41 26 0 31 96 22 1 107 24 60 10 87 61 21 25 77 8 22 113 59 10 37 13 59 21 66 10 3 79 51 42 85 3 9 53 45 73 63 27 63 7 40 50 28 10 31 6 99 10 11 41 104 13 100 3 15 35 44 16 19 46 38 43 90 29 5 0 18 26 69 14 61 35 11 77 4 19 51 88 15 25 90 46 27 88 40 11 70 9 37 36 64 2 35 70 63 5 29 80 52 36 30 14 72 84 84 50 55 26 38 9 96 18 0 87 53 48 51 14 7 33 64 39 56 
147 86 1 35 4 52 1 0 112 19 10 39 24 113 7 151 65 18 103 69 35 20 145 111 25 52 85 140 16 69 33 62 68 112 70 15 62 7 46 25 73 123 132 7 1 2 2 97 47 15 88 10 24 38 16 193 68 74 11 38 18 27 73 31 36 33 143 51 124 42 50 143 59 66 136 58 105 14 3 39 4 79 109 34 46 87 25 24 11 53 18 12 99 57 12 24 164 0 27 98 103 88 1 15 41 86 18 16 7 75 30 65 101 10 57 16 91 2 23 3 99 14 76 7 30 95 43 57 
32 13 58 91 50 116 79 81 0 140 38 19 93 2 49 29 11 37 42 22 8 2 21 48 4 142 59 11 36 0 32 41 29 11 53 94 37 34 68 46 16 84 20 64 96 29 56 20 105 45 39 14 34 35 105 101 88 101 111 55 94 33 16 32 133 61 119 26 45 49 126 36 6 77 18 46 34 23 62 40 15 164 30 87 21 5 16 8 23 82 19 82 30 97 22 0 5 161 117 53 151 2 130 81 81 20 38 71 56 57 61 66 27 7 38 11 4 45 26 159 50 15 20 65 97 15 26 151 
98 38 51 80 18 47 41 24 52 0 0 69 30 116 34 145 114 107 132 90 6 70 118 122 24 21 115 139 10 138 71 144 23 55 14 177 156 131 125 64 51 161 122 38 55 79 8 93 32 52 58 9 2 60 37 32 41 36 20 7 105 56 98 38 87 26 106 2 3 146 110 57 53 26 29 65 125 56 23 12 9 32 172 33 86 152 69 19 179 113 83 28 58 153 110 156 141 82 21 161 15 10 4 1 78 7 44 2 13 67 7 21 152 46 18 15 130 80 134 76 93 27 50 7 27 4 31 9 
41 62 5 27 82 147 68 53 18 45 0 46 6 47 61 3 28 37 45 57 70 26 34 105 7 116 70 25 66 68 38 142 25 55 17 120 29 48 55 1 9 34 23 22 12 10 5 86 35 7 45 59 3 15 19 33 120 146 48 63 60 1 21 119 112 59 44 4 130 14 19 120 39 172 121 1 21 24 25 86 68 90 132 36 109 42 46 106 98 117 32 5 52 163 61 107 111 129 14 162 99 48 38 7 108 79 63 10 13 72 42 3 89 33 11 55 79 40 47 76 0 1 21 2 13 2 49 70 
7 74 99 82 109 80 73 164 51 98 83 0 134 25 69 23 49 24 99 31 33 28 59 11 66 60 44 29 120 10 3 15 11 26 58 92 2 53 17 39 35 74 9 131 86 35 138 98 102 62 46 26 67 41 92 29 39 50 172 27 21 51 26 20 13 117 37 83 78 20 33 33 50 74 15 17 23 87 146 58 90 85 5 36 0 29 30 41 18 50 73 17 32 2 61 14 9 150 130 99 62 46 153 23 148 26 83 161 98 180 13 29 28 33 16 113 46 65 8 50 16 36 40 48 60 3 8 112 
141 122 81 68 70 73 102 4 81 11 6 48 0 76 19 96 18 48 92 42 77 41 94 123 2 39 42 120 70 98 7 147 32 102 66 8 36 20 33 31 49 150 99 17 85 12 28 71 39 11 100 55 65 24 126 125 38 30 18 75 86 164 54 119 103 24 92 17 109 76 123 64 36 101 57 0 3 42 54 87 14 59 43 90 67 98 37 115 61 116 35 10 29 32 5 103 75 51 25 97 154 29 28 14 98 9 45 1 1 109 2 17 63 6 73 40 46 2 24 101 41 54 37 39 42 7 25 64 
28 46 64 62 88 79 40 106 7 45 87 22 20 0 11 8 56 45 89 25 67 35 85 47 25 7 41 42 52 37 29 7 58 16 18 26 2 7 1 25 3 109 35 74 56 29 103 67 33 47 8 52 28 80 75 63 84 20 94 58 83 62 57 6 42 46 8 22 54 53 97 6 16 30 26 97 5 56 49 34 19 90 12 27 70 11 24 91 40 46 1 27 22 6 79 44 23 70 0 49 18 33 8 124 35 66 74 75 34 91 25 26 4 55 2 120 22 13 28 88 50 0 48 19 13 37 8 34 
96 101 45 19 15 48 11 25 52 96 48 108 7 39 0 11 0 17 27 109 15 38 3 10 66 46 22 51 7 40 23 64 65 22 30 75 35 49 30 56 26 5 29 71 20 9 74 11 9 77 5 72 14 72 5 11 12 97 91 10 27 40 59 7 12 27 11 13 4 135 15 78 71 3 59 109 17 12 29 13 0 10 77 5 33 87 35 56 96 13 37 33 120 36 98 94 83 2 95 14 12 70 26 98 21 67 24 20 31 64 81 64 29 8 5 0 14 20 57 11 52 28 15 6 66 34 58 41 
7 88 159 82 64 1 72 10 53 77 50 3 72 6 80 0 21 19 124 4 130 25 16 2 130 83 32 9 41 4 80 8 25 1 60 52 18 11 129 80 6 20 4 37 20 45 52 128 89 44 89 112 40 107 134 5 16 2 34 46 2 18 16 36 71 115 27 12 20 31 54 3 59 15 35 71 5 12 122 2 9 43 16 56 114 4 29 137 38 8 16 86 84 90 65 3 31 20 51 29 64 22 83 58 90 10 83 103 63 138 90 80 24 85 6 54 40 99 21 117 81 13 71 143 12 58 50 142 
81 52 25 64 42 57 37 82 32 88 3 68 47 6 45 15 0 8 0 50 98 15 9 14 12 29 16 49 74 33 17 73 2 11 0 59 50 2 88 11 4 71 6 9 5 62 73 28 56 29 55 22 45 19 65 24 41 47 51 30 86 69 11 44 2 46 91 24 13 11 9 60 6 96 14 25 11 69 17 61 56 11 68 48 45 40 5 11 64 7 11 75 14 138 33 46 37 26 5 94 6 7 77 68 98 54 38 79 5 107 34 6 4 33 9 50 17 29 13 65 32 54 15 64 100 8 18 67 
13 114 83 51 86 12 18 14 39 31 12 29 34 35 43 16 22 0 72 48 16 59 31 70 73 84 0 16 37 73 15 16 26 72 3 60 63 18 23 0 42 21 23 44 17 29 62 51 23 24 14 26 50 32 36 46 22 26 6 41 40 38 18 0 31 46 2 25 55 31 69 32 30 48 21 14 2 34 63 37 48 0 10 27 3 43 32 21 3 52 0 24 62 10 48 46 31 36 53 16 7 38 17 71 41 18 67 44 36 22 97 9 50 30 30 37 24 3 29 59 47 70 41 0 1 15 25 35 
36 2 100 96 56 197 111 14 9 87 104 96 31 53 162 120 38 35 0 24 96 64 8 29 103 39 44 36 103 43 138 36 40 29 12 40 79 65 122 59 24 61 48 60 141 115 24 208 139 98 168 54 128 28 141 98 54 30 61 97 145 39 49 149 134 16 131 64 116 3 139 56 61 110 53 70 21 112 155 108 115 133 91 43 14 48 40 171 79 71 86 138 47 117 6 10 50 61 95 90 171 48 32 58 14 6 148 136 59 73 42 104 46 109 105 131 40 35 29 180 136 33 17 27 86 86 57 68 
5 1 50 120 141 177 68 56 9 96 18 31 32 31 80 22 4 2 20 0 64 4 9 72 74 61 39 43 93 21 61 96 27 52 23 42 71 6 144 80 31 151 20 59 28 5 88 118 24 31 59 123 59 56 36 95 9 49 79 10 17 8 36 130 103 29 7 56 32 24 127 17 39 56 29 29 8 89 155 106 64 4 30 80 81 26 17 31 27 106 22 62 4 59 11 56 17 152 111 132 31 43 6 69 105 4 136 32 1 104 77 58 42 11 6 23 10 80 49 162 160 47 14 96 90 25 25 10 
92 126 31 27 41 5 50 66 20 21 4 59 113 111 46 8 52 11 161 63 0 124 42 56 37 22 28 117 21 79 40 102 77 106 23 70 83 48 6 29 40 4 89 47 26 35 52 12 3 63 15 107 23 13 4 9 12 110 42 17 14 35 56 19 2 11 68 128 26 66 1 112 117 66 113 111 66 27 52 18 51 3 21 1 8 38 12 11 10 49 89 26 40 2 143 132 11 8 64 39 11 1 61 52 6 17 20 40 95 25 108 70 70 73 85 22 91 8 32 3 7 88 19 87 20 72 60 0 
0 62 51 69 118 83 23 81 33 18 1 57 4 25 53 92 5 10 36 22 7 0 26 14 7 108 63 57 70 66 11 146 17 82 34 163 24 6 22 1 0 31 73 46 43 83 51 63 10 21 36 87 32 3 1 68 28 65 41 52 54 82 13 14 21 68 108 37 127 2 43 72 4 140 86 18 50 50 90 24 5 116 83 103 148 24 4 105 1 97 24 62 2 125 10 12 27 7 69 75 106 30 31 8 88 27 18 41 33 145 43 15 73 63 18 6 36 21 19 15 125 41 14 28 61 21 16 13 
34 18 128 12 128 146 12 61 13 45 65 24 24 78 96 7 14 8 23 3 44 9 0 89 87 65 40 33 38 1 50 58 39 115 7 0 48 24 63 76 36 161 48 74 70 15 26 39 114 37 67 113 84 12 77 27 51 110 82 111 154 45 3 8 92 32 121 19 130 14 22 37 8 107 12 80 78 24 121 39 159 76 68 45 16 32 17 1 35 40 76 18 32 143 7 18 40 16 81 3 137 17 94 54 107 11 85 100 9 153 88 87 28 2 32 0 15 19 38 51 22 110 50 86 14 48 21 144 
9 9 105 17 74 7 47 93 79 203 54 3 51 37 83 3 93 50 104 97 47 70 57 0 115 41 67 8 106 43 29 20 37 34 96 87 32 80 8 101 51 64 29 7 90 10 140 137 98 39 20 112 104 127 107 13 33 1 123 42 10 32 92 97 60 151 10 52 3 105 15 23 1 85 48 141 8 43 54 84 99 23 4 67 57 6 16 30 8 20 86 91 84 14 20 11 35 62 145 111 59 46 59 157 4 105 96 152 46 138 187 80 26 88 22 122 40 110 2 42 82 13 60 141 20 60 13 176 
35 101 29 83 55 149 99 20 26 16 1 17 5 55 88 24 18 71 45 74 57 49 95 83 0 128 104 120 55 91 39 183 60 78 47 28 62 10 108 66 95 115 11 8 85 62 42 127 71 15 97 14 34 16 120 93 126 34 12 72 43 181 26 3 114 62 84 1 99 75 91 36 1 53 167 7 20 8 3 57 49 156 140 27 127 46 39 34 96 117 18 32 47 19 43 44 82 37 38 53 31 29 29 12 97 25 87 3 1 16 43 8 3 14 3 53 10 11 101 95 69 40 62 24 61 74 66 53 
19 109 5 50 64 22 47 60 100 6 48 9 85 89 13 6 108 30 155 44 13 117 27 35 84 0 13 14 7 10 59 53 61 62 31 50 69 18 37 71 77 12 57 44 12 59 86 34 45 89 7 83 3 88 55 7 16 62 69 9 0 75 129 9 9 37 23 161 37 191 54 43 62 3 6 107 11 20 60 41 83 23 10 36 7 136 48 64 8 19 56 20 125 19 9 37 31 47 25 9 18 67 34 93 50 106 8 160 10 52 80 122 47 106 13 59 63 9 96 75 34 24 39 117 5 72 122 90 
15 97 27 12 11 9 7 70 70 109 41 9 35 29 18 31 32 10 117 13 7 24 7 98 50 25 0 20 48 47 7 29 8 24 5 60 19 4 23 16 1 88 77 83 9 30 54 48 12 33 20 67 12 69 57 10 31 24 49 10 33 58 12 33 45 6 17 24 25 4 60 13 11 1 60 60 19 14 93 18 90 48 5 1 24 35 7 73 47 37 32 22 7 5 43 67 45 27 7 78 2 50 23 21 47 57 35 48 55 82 14 76 18 30 43 68 22 29 0 26 45 40 43 26 60 8 35 5 
23 26 102 40 18 44 23 25 8 15 2 11 93 47 111 38 15 68 26 17 61 52 42 15 31 41 83 0 112 1 4 76 26 38 7 105 8 19 23 40 38 5 5 105 53 29 83 150 97 23 32 80 44 57 132 71 10 22 102 14 120 3 29 32 6 59 93 74 13 62 67 24 50 73 76 106 3 3 164 91 42 113 37 69 115 11 2 91 13 51 46 93 19 128 16 3 11 162 86 61 88 38 108 46 32 64 46 130 62 59 173 1 37 124 44 24 2 26 26 90 134 36 6 22 42 40 26 184 
63 3 2 14 26 79 32 6 76 77 8 114 61 77 33 59 73 4 43 34 15 50 103 135 47 66 52 131 0 34 21 25 20 28 38 100 45 20 8 9 49 35 14 9 7 3 1 61 26 24 43 68 36 30 42 50 14 1 50 14 19 35 39 1 5 0 48 77 64 106 28 138 52 36 41 25 100 14 14 45 0 31 100 7 27 79 37 54 86 67 12 11 20 34 47 109 68 2 24 37 16 49 21 23 49 90 25 51 5 33 18 40 61 17 10 29 78 31 79 4 65 36 82 17 27 57 5 23 
50 59 57 62 89 90 47 152 15 62 77 12 60 10 85 7 3 24 40 26 154 60 21 2 84 138 77 4 5 0 26 18 27 3 34 99 33 4 165 55 20 132 18 82 32 45 38 16 97 83 91 75 63 2 127 75 1 21 27 87 25 0 27 42 87 120 51 12 85 59 115 16 35 10 45 85 23 126 165 102 48 137 42 32 54 14 4 158 9 76 48 67 7 127 1 1 1 99 22 60 149 29 67 14 79 3 124 30 73 26 156 67 22 14 38 100 45 55 15 66 173 60 28 49 2 9 14 22 
35 40 69 22 19 66 15 19 85 32 38 12 47 59 18 88 58 26 90 98 42 15 16 42 27 63 1 66 18 68 0 69 27 62 13 88 16 52 6 8 69 54 72 4 1 11 11 51 5 31 17 52 5 3 35 129 16 92 16 27 40 102 4 48 29 28 43 59 44 89 16 54 45 20 96 82 58 4 56 25 63 25 46 5 7 8 52 4 64 5 20 31 41 71 61 105 25 7 24 24 44 30 18 42 20 42 28 67 75 89 26 36 66 23 20 31 45 1 93 18 3 41 20 61 16 27 48 35 
51 42 26 112 82 7 100 36 48 221 173 44 103 21 84 16 77 68 78 14 14 65 39 15 188 89 52 4 85 79 86 0 82 36 105 30 28 110 91 110 52 60 3 47 19 144 106 13 111 140 68 134 115 64 100 15 103 8 135 29 119 7 38 69 0 16 46 50 66 75 32 18 124 33 25 86 55 71 17 23 179 105 18 42 59 38 91 25 78 5 2 5 142 19 95 68 46 125 195 79 0 34 194 106 97 34 128 202 32 114 205 153 69 75 38 115 67 82 50 20 73 44 94 192 10 24 97 72 
12 66 8 76 71 95 48 65 25 97 6 18 59 44 18 77 7 29 56 40 4 8 26 12 15 62 0 30 55 34 24 83 0 29 26 68 29 6 128 14 14 112 37 72 54 34 15 111 65 13 85 65 24 7 1 105 87 11 26 0 73 130 2 45 46 33 86 39 102 42 109 75 5 26 19 48 5 72 42 76 27 53 42 55 26 13 48 88 28 66 27 58 1 131 11 44 23 34 46 6 108 5 38 14 146 19 12 27 26 137 50 41 1 16 28 67 0 17 17 27 105 66 0 20 95 4 21 80 
27 106 123 41 94 90 17 30 8 87 11 33 106 16 16 18 55 13 45 68 84 102 35 38 17 89 54 67 6 59 18 10 13 0 76 53 19 64 5 49 52 93 55 119 43 75 70 110 41 91 79 184 62 118 67 32 83 11 112 14 75 7 42 25 32 79 1 102 3 110 2 4 30 5 14 97 34 67 95 12 46 49 16 7 43 65 71 105 39 30 65 69 12 18 44 63 37 35 52 65 84 75 57 92 63 90 25 33 71 102 184 28 11 124 13 125 25 33 22 112 116 2 36 46 14 22 13 57 
73 80 32 50 23 61 39 61 50 76 9 16 70 53 31 15 9 2 79 57 24 56 91 52 39 13 22 8 13 70 28 121 36 38 0 25 27 9 83 2 20 118 49 22 13 18 59 12 29 41 4 12 50 1 35 106 8 23 81 7 34 49 0 15 7 19 28 27 29 91 19 66 26 45 72 42 12 44 74 29 8 27 67 45 18 37 40 51 22 64 3 38 31 88 29 55 27 14 73 87 98 0 57 12 3 29 51 67 43 123 61 3 8 31 2 14 51 8 14 49 32 72 11 54 94 32 16 53 
60 3 154 103 27 49 58 21 3 26 168 95 96 67 19 44 130 113 75 140 35 51 101 53 135 40 5 61 53 90 93 22 86 30 81 0 34 47 16 17 68 40 84 98 48 79 37 79 66 49 83 148 71 72 7 42 35 45 171 66 49 12 113 21 46 64 24 54 7 119 81 65 101 3 22 79 60 34 172 59 110 25 65 42 25 77 110 32 39 3 82 126 63 44 127 67 119 22 32 33 24 90 13 61 95 103 69 162 155 33 117 126 1 77 60 127 7 78 41 13 46 55 33 40 12 64 116 123 
18 66 12 77 25 36 74 51 20 130 24 3 110 2 9 25 58 56 73 52 94 31 79 22 121 112 52 27 62 11 51 46 5 1 0 31 0 14 111 58 15 49 13 18 48 74 99 68 14 31 91 168 21 28 60 47 20 3 28 5 82 17 37 73 34 23 5 60 51 56 40 12 25 8 19 11 6 64 120 42 59 27 10 51 127 37 37 124 16 55 11 92 22 58 65 3 13 128 137 5 2 27 111 70 27 48 15 16 79 121 110 103 12 75 8 94 16 49 4 148 80 0 45 78 7 45 17 130 
60 75 123 30 36 2 55 82 20 118 67 9 35 21 0 11 0 15 86 55 42 8 29 57 5 50 34 25 45 11 8 15 8 12 27 4 20 0 33 25 3 140 18 81 59 10 97 51 43 24 65 130 68 2 8 31 21 37 102 65 64 2 3 4 76 30 74 58 80 16 116 58 6 119 67 65 27 2 125 8 30 99 12 34 12 11 23 99 12 30 15 82 19 40 48 35 46 0 79 14 38 6 59 8 50 17 28 41 29 51 75 31 3 15 27 46 16 17 17 80 28 40 2 18 92 1 0 59 
80 178 8 30 41 24 22 63 141 50 14 39 9 17 38 67 109 0 170 138 11 104 124 104 23 69 6 81 34 64 2 156 26 119 49 43 53 41 0 81 102 6 150 88 59 25 80 30 44 18 16 56 21 62 2 146 1 126 68 11 16 43 106 75 56 13 99 11 5 45 6 4 18 25 13 31 87 25 19 20 1 23 132 36 0 5 137 1 132 76 94 0 76 61 44 154 89 6 1 70 37 75 42 41 13 29 19 114 81 24 2 17 91 15 61 50 42 1 75 9 20 0 57 66 123 49 29 1 
16 48 36 65 84 65 46 45 65 46 50 1 47 2 10 76 8 5 17 43 59 54 43 68 2 93 2 52 10 2 22 33 31 51 7 107 52 3 39 0 9 34 43 54 32 53 50 82 12 7 31 58 16 9 15 27 74 63 76 41 3 43 25 74 73 15 87 23 2 37 56 14 14 47 13 15 47 14 57 15 33 32 75 45 77 17 26 27 58 73 8 64 43 73 47 18 15 96 53 57 78 32 33 10 15 59 7 69 62 99 23 35 3 0 47 38 8 15 32 65 37 72 10 88 91 21 32 41 
36 35 71 73 28 69 42 76 25 145 27 12 52 20 52 29 25 19 4 6 100 29 0 48 57 53 5 37 28 21 67 19 6 0 7 61 28 0 30 35 0 134 2 28 44 15 88 112 16 48 73 77 82 8 111 77 63 8 26 46 13 88 5 0 37 4 13 62 74 19 44 41 14 80 57 31 6 33 28 30 23 38 9 30 28 17 24 77 0 58 2 53 25 102 22 24 28 45 32 26 59 12 53 4 2 24 61 26 48 86 73 23 26 41 27 108 43 1 34 90 108 11 15 49 19 13 5 48 
35 233 51 45 96 8 73 69 2 65 79 91 147 71 49 69 12 101 158 43 13 156 151 97 175 25 56 30 81 64 2 114 22 101 51 29 108 130 3 125 37 0 79 1 56 64 53 8 18 42 1 48 31 109 0 26 4 118 79 25 8 2 24 41 27 95 58 119 37 76 6 88 38 46 92 77 17 64 111 42 37 13 1 28 32 3 61 28 155 15 100 8 171 1 157 24 139 28 99 65 19 6 5 127 2 141 35 104 137 20 130 125 71 65 26 58 91 22 32 9 14 49 2 1 17 100 9 46 
34 6 156 128 88 84 80 99 22 78 86 19 11 12 24 2 47 3 73 52 64 6 44 12 127 131 47 11 97 4 17 23 9 4 77 96 17 1 151 52 30 3 0 103 94 115 32 147 10 9 38 115 11 16 105 22 17 54 138 2 50 82 26 68 55 5 93 48 90 37 67 2 31 62 53 101 25 93 61 0 91 91 14 89 94 14 6 128 0 93 19 50 28 44 18 1 1 56 88 98 3 43 13 95 135 42 80 98 122 176 51 27 49 47 40 34 0 56 2 151 16 44 48 30 39 33 18 176 
31 72 10 55 39 110 0 1 89 20 25 34 30 31 43 50 1 57 47 7 66 58 30 120 34 81 9 113 6 52 23 151 29 114 24 130 52 37 7 23 1 41 50 0 36 7 11 60 55 2 55 43 70 21 15 77 28 39 9 9 9 97 38 25 119 25 34 15 27 87 48 33 76 22 66 6 4 22 40 13 5 20 129 45 80 64 57 92 107 78 51 9 82 28 93 32 76 2 17 148 104 26 23 18 31 123 87 28 28 21 8 12 42 4 73 12 72 35 35 81 37 9 75 4 7 35 65 88 
33 38 15 29 49 7 16 2 90 26 43 79 9 21 25 49 15 24 113 50 28 43 2 93 23 22 3 57 8 73 2 23 1 10 13 2 50 25 57 11 37 59 84 39 0 3 15 36 6 27 10 67 19 14 40 84 26 17 30 36 1 102 0 62 54 32 51 6 64 89 30 88 40 66 57 2 20 5 21 1 15 8 29 16 1 10 83 61 21 32 33 67 54 78 28 21 74 64 18 66 9 24 78 63 47 29 46 24 12 57 39 27 31 19 37 51 51 10 48 52 76 11 55 34 34 49 18 49 
20 97 38 23 35 33 13 8 38 38 4 67 58 88 48 68 20 3 28 19 22 78 134 109 1 51 14 11 5 6 20 116 44 19 27 63 36 33 24 16 34 102 27 8 6 0 30 1 3 26 0 52 9 26 23 72 5 67 6 7 30 118 72 74 55 3 40 46 38 96 44 25 3 40 60 51 27 45 16 18 29 77 107 63 30 89 21 42 42 72 19 13 47 86 50 91 118 12 48 79 1 11 31 20 45 37 54 19 10 30 30 16 33 20 73 43 66 0 28 46 21 70 43 39 83 55 1 16 
157 111 14 6 11 7 25 11 49 22 24 120 12 107 83 41 23 31 84 51 42 82 120 116 11 137 2 133 22 126 61 92 64 66 6 157 119 2 79 38 3 46 98 7 59 5 0 100 1 4 49 9 0 11 6 138 4 112 5 87 72 25 20 89 45 32 65 27 115 113 62 120 2 99 30 5 26 60 14 15 52 73 76 27 75 102 137 75 123 80 57 4 56 61 99 98 34 19 2 93 22 92 13 11 12 133 25 14 51 69 23 8 98 9 66 3 30 21 89 50 107 69 83 8 41 25 58 75 
72 58 59 24 81 2 21 1 144 71 26 78 11 79 5 114 54 47 191 17 8 6 137 61 51 14 11 110 9 72 53 42 101 22 35 74 96 21 24 55 99 20 124 24 12 30 7 0 21 86 31 106 10 80 15 81 2 78 117 25 20 36 38 44 21 49 44 90 45 131 10 53 38 66 23 26 107 8 58 47 13 6 118 6 28 17 127 14 37 2 51 55 11 2 105 81 28 3 98 6 9 75 3 86 16 56 7 85 158 31 84 133 71 13 92 48 75 53 60 26 19 50 122 79 81 58 100 21 
75 77 17 16 27 52 0 47 103 55 43 101 95 51 3 12 42 16 85 81 10 94 2 29 55 48 12 17 11 2 8 46 65 57 34 12 39 9 46 19 27 16 78 9 7 4 53 15 0 58 21 48 6 47 12 84 26 63 29 2 13 113 63 14 0 28 33 55 33 41 41 19 39 80 21 84 32 9 32 1 63 3 100 11 0 69 83 1 10 33 41 26 52 36 122 54 91 14 34 13 7 6 44 40 56 37 6 99 38 55 63 61 29 53 44 10 22 7 6 46 33 89 59 67 80 12 17 31 
102 74 32 67 3 46 27 7 7 34 18 113 28 63 36 1 8 18 1 5 109 17 65 51 15 120 77 95 7 40 25 111 51 64 10 98 74 31 26 3 79 7 100 5 38 36 33 80 60 0 43 47 42 2 45 25 59 11 24 38 58 103 53 92 109 29 0 14 41 35 42 124 5 152 111 22 65 72 40 6 63 24 81 22 3 75 78 43 77 75 23 22 27 61 32 39 85 42 25 54 20 46 46 14 103 61 82 8 5 85 21 0 54 24 90 27 61 29 6 0 123 91 4 2 140 64 67 39 
80 22 66 21 7 40 4 76 12 16 43 72 52 55 2 15 47 37 91 130 44 10 46 69 53 16 12 99 26 91 15 97 53 48 14 12 13 33 0 6 21 24 98 10 13 19 7 3 7 52 0 71 8 50 14 65 18 35 0 12 12 49 44 27 2 2 25 90 5 17 11 90 24 20 85 100 78 4 35 23 13 46 110 5 14 85 131 42 79 35 4 87 25 50 1 6 60 58 88 65 30 7 87 16 14 80 4 29 120 74 3 92 24 33 11 52 3 14 40 55 1 20 19 27 4 40 24 53 
101 8 22 38 21 103 5 19 99 18 13 160 52 34 122 141 96 40 178 10 11 96 64 91 37 143 40 137 15 14 7 56 57 124 21 13 129 18 67 20 4 73 60 29 7 48 35 34 14 47 15 0 26 54 6 222 1 67 4 43 77 197 35 123 32 52 100 19 147 32 9 20 97 190 63 53 26 94 1 93 40 24 45 69 72 84 78 91 4 17 3 7 54 43 118 121 25 52 16 132 40 34 34 10 11 58 62 25 68 69 2 28 111 19 99 6 88 81 24 81 129 8 92 15 143 38 114 15 
91 94 15 14 60 21 6 42 69 83 74 73 5 44 13 22 6 13 38 1 20 6 138 87 8 9 10 119 20 110 18 120 13 79 15 45 49 45 20 38 29 23 58 71 12 37 45 33 5 37 14 89 0 87 4 29 20 89 21 22 7 30 99 63 27 4 37 96 5 30 29 27 17 59 82 105 1 1 31 24 1 23 122 22 27 21 39 20 41 44 23 51 115 50 8 70 141 47 33 66 13 15 63 26 29 45 4 96 27 32 95 93 38 25 72 71 1 31 67 5 10 46 49 19 71 4 10 15 
128 19 25 68 29 76 77 13 6 58 17 68 16 68 16 112 14 10 42 86 61 53 100 15 9 5 36 25 28 73 40 108 52 89 21 110 70 61 29 12 64 81 29 5 47 20 27 83 28 0 45 55 41 0 53 123 54 66 17 65 95 13 50 75 24 44 13 17 78 99 65 136 53 73 139 8 80 32 36 89 27 46 61 36 65 50 84 45 110 11 0 14 16 60 50 97 19 30 12 116 117 26 5 21 122 33 98 15 31 138 28 2 6 18 69 3 33 2 30 71 79 8 2 28 30 17 17 7 
103 161 54 19 9 33 23 8 82 78 28 62 3 65 6 86 57 63 129 3 1 44 50 110 106 47 57 19 2 141 41 148 125 26 36 70 80 49 3 32 21 2 113 8 21 1 31 5 42 12 5 104 14 65 0 148 16 55 86 30 3 77 95 52 43 30 26 105 59 171 0 3 73 36 81 45 39 33 92 52 26 5 100 4 18 37 169 6 66 31 10 59 121 30 82 147 85 2 19 24 11 0 117 69 2 179 14 42 16 33 87 8 97 25 27 23 20 49 90 7 3 44 46 96 29 103 54 12 
31 125 51 79 202 55 87 53 67 196 124 51 14 25 97 22 111 117 150 141 39 93 24 12 60 6 58 58 23 29 55 4 111 10 107 0 19 64 115 69 64 13 62 154 67 42 152 97 58 84 86 1 23 158 80 0 70 2 103 14 102 1 75 61 19 73 62 16 53 32 107 22 47 42 19 64 5 125 115 57 52 145 21 93 171 64 58 128 0 73 48 57 86 46 36 77 68 184 116 98 129 113 170 85 44 51 83 10 156 88 39 128 22 149 51 116 62 31 37 135 134 5 103 129 5 63 17 165 
109 54 77 47 13 15 2 37 67 135 97 33 17 78 12 100 63 17 40 156 17 53 60 8 14 18 19 75 23 102 8 52 79 19 14 72 74 69 37 2 96 17 114 43 33 9 81 15 5 34 20 63 26 99 7 24 0 72 73 22 17 48 17 32 15 61 26 37 6 89 12 50 63 20 67 128 39 8 23 8 39 3 70 29 38 106 45 16 104 4 16 108 15 30 101 78 125 28 80 25 8 37 98 72 21 82 6 119 96 46 120 29 50 50 62 108 44 37 106 20 18 4 104 88 95 36 106 41 
34 23 1 61 156 75 62 122 13 55 121 50 120 42 72 6 69 102 15 136 27 101 124 2 174 25 72 57 115 50 105 6 86 13 0 4 26 64 81 11 9 59 17 15 85 104 65 109 51 12 99 47 61 7 14 4 75 0 41 51 135 17 87 52 64 129 27 116 11 65 81 12 9 46 6 4 38 91 164 35 29 52 41 79 52 83 21 121 46 6 42 71 10 49 83 19 78 103 168 45 88 69 162 122 40 101 53 12 173 21 94 83 50 119 17 122 55 108 21 1 117 14 44 157 1 28 5 107 
173 24 31 73 29 39 59 21 88 19 9 155 18 24 115 56 25 17 98 104 104 87 110 69 25 13 62 63 20 89 29 30 3 135 4 192 100 79 87 24 78 47 24 20 73 38 16 27 90 8 98 1 38 5 34 200 21 4 0 24 55 132 80 154 7 42 17 3 18 62 70 92 8 44 158 8 2 63 23 10 14 15 77 15 13 54 60 9 71 151 30 10 41 71 113 32 61 74 2 184 125 108 10 6 130 43 101 11 14 134 5 18 41 4 51 19 24 13 86 57 17 69 86 8 145 97 66 27 
40 21 29 0 28 15 19 25 5 13 63 18 61 18 11 62 8 2 49 16 28 42 88 74 78 20 22 93 22 114 15 89 11 47 20 47 35 55 61 8 48 66 104 79 17 34 96 10 33 66 7 57 17 8 1 70 10 80 101 0 47 81 89 8 16 45 15 97 13 82 17 82 21 17 46 54 0 23 102 5 100 50 59 7 51 83 42 36 64 21 68 82 20 34 80 31 8 12 13 7 21 12 78 98 46 82 28 100 29 42 73 78 1 21 35 111 4 30 21 38 23 62 34 9 23 8 62 75 
115 54 41 1 20 13 34 42 112 86 72 109 22 20 24 124 55 33 147 30 1 59 162 81 36 35 19 5 35 51 29 21 72 0 60 75 91 61 9 8 48 23 121 9 7 0 64 13 21 24 27 82 0 41 5 26 10 116 81 44 0 66 96 62 5 1 16 78 22 38 12 131 11 15 95 104 105 21 14 17 37 21 97 23 5 132 49 11 106 69 22 20 17 34 104 28 80 0 37 86 8 4 109 8 29 122 5 106 60 51 41 86 11 67 52 46 56 11 50 4 1 69 116 15 81 35 7 6 
43 67 95 94 177 73 21 20 11 232 172 11 77 62 1 28 95 85 155 75 141 14 73 8 86 81 26 81 156 59 35 7 6 17 93 43 27 75 152 69 11 134 91 106 40 79 153 67 56 40 72 216 83 38 79 22 16 0 139 26 98 0 121 55 40 140 10 159 4 91 124 24 115 49 24 90 25 38 206 77 113 2 35 38 48 101 20 125 90 42 109 44 130 34 134 26 67 117 162 34 96 99 49 45 90 172 113 182 132 131 86 23 9 52 35 136 62 10 1 59 85 28 28 131 22 38 18 99 
4 38 18 85 85 120 57 29 29 57 15 28 30 4 82 29 5 30 58 8 27 19 23 54 70 70 21 2 7 3 54 4 2 63 2 83 9 2 64 12 1 145 41 16 48 28 17 52 67 50 78 63 94 29 44 101 14 84 14 76 33 82 0 101 78 48 1 51 98 31 86 52 6 33 51 6 39 87 93 7 127 2 2 38 66 11 28 79 8 51 1 54 27 31 18 48 31 51 80 87 37 3 52 27 107 22 40 21 51 140 51 35 25 11 62 43 46 16 4 8 35 78 0 27 57 12 5 127 
68 141 100 72 22 10 30 11 82 64 63 43 138 46 15 35 53 54 29 37 0 72 122 79 109 6 20 98 29 45 8 7 73 45 34 13 14 96 23 87 89 43 47 22 59 35 91 1 43 67 18 25 15 97 29 15 13 56 69 26 50 43 41 0 8 21 14 122 4 8 67 27 53 31 42 12 34 11 125 16 45 54 49 37 34 80 43 53 52 7 15 20 130 28 48 12 54 37 7 8 27 21 25 36 29 167 13 23 43 61 118 85 59 100 55 140 44 1 57 15 3 26 90 49 40 36 84 101 
64 56 46 23 53 13 36 46 6 22 65 9 120 28 21 7 15 46 187 32 27 118 136 26 54 3 47 77 51 11 30 11 89 33 23 32 77 13 57 57 28 27 75 33 12 32 48 26 37 50 13 148 5 74 15 9 3 76 44 12 18 25 19 0 0 90 22 42 4 84 48 53 38 18 13 102 84 12 92 2 36 41 107 5 14 125 17 6 33 3 42 15 91 21 85 30 122 82 112 8 25 32 90 142 28 151 16 46 31 71 163 57 44 6 58 109 22 10 96 37 42 65 36 78 51 91 92 84 
46 160 37 19 20 74 14 31 24 40 6 90 38 3 51 74 40 37 69 26 50 43 111 107 20 74 2 67 2 117 4 39 9 111 13 11 73 81 23 4 15 21 6 32 18 0 1 22 20 50 29 10 39 43 46 41 43 66 58 65 33 44 33 33 35 0 37 30 79 146 59 23 23 10 14 15 58 20 11 26 2 44 139 26 55 13 113 21 107 90 9 28 5 61 71 73 29 17 15 52 57 64 18 30 30 12 0 60 65 38 17 3 41 16 23 32 51 10 65 36 25 56 67 2 19 75 21 4 
32 151 124 52 154 44 38 96 97 12 131 22 49 47 3 36 98 61 108 84 70 20 26 47 9 34 9 91 96 88 78 9 102 36 3 7 58 45 52 64 71 7 21 30 73 38 65 21 51 110 48 71 30 25 40 18 50 38 160 41 28 1 38 15 31 4 0 65 7 71 52 14 99 18 33 33 11 34 161 30 133 32 29 27 74 24 98 63 33 0 32 106 141 43 116 86 62 29 31 9 48 21 150 145 77 134 17 116 92 7 127 21 51 6 4 47 38 7 49 35 83 29 12 33 39 93 39 119 
115 76 37 46 6 93 102 22 19 9 0 32 0 54 41 46 57 29 55 77 37 10 56 95 4 73 15 110 61 64 70 63 11 139 27 111 100 73 6 39 75 36 5 2 58 5 20 80 83 19 11 38 99 16 81 9 18 108 3 121 114 34 48 87 65 74 132 0 114 63 28 27 55 44 126 0 85 59 2 18 85 125 113 0 25 37 107 95 25 46 56 41 26 129 57 0 73 57 36 25 58 6 46 29 32 48 83 5 9 146 39 2 68 29 72 1 0 34 109 46 141 74 1 41 5 5 25 44 
50 157 86 63 71 28 20 117 51 160 88 64 65 14 15 36 39 29 71 112 74 97 92 17 40 25 27 70 16 54 24 37 41 44 16 1 65 40 68 6 62 7 87 94 40 31 28 47 52 14 0 162 27 19 18 38 4 65 69 25 3 10 39 10 12 57 1 65 0 32 58 54 87 17 15 67 49 51 67 0 82 4 16 0 49 81 4 63 51 0 35 2 60 44 126 16 11 64 122 29 12 22 35 112 21 152 30 112 28 101 82 91 17 105 28 10 17 43 30 89 10 16 82 97 1 78 7 10 
21 1 63 73 21 54 122 13 54 41 35 38 56 108 116 22 50 104 0 25 185 63 4 58 1 200 42 35 7 7 117 17 25 121 57 99 14 38 128 30 54 51 72 128 11 26 38 76 99 29 63 7 161 39 65 111 188 81 112 28 59 49 0 133 73 97 58 72 2 0 111 54 42 177 126 69 28 50 183 80 70 173 74 95 49 22 11 24 56 2 67 13 14 75 19 72 32 24 116 180 129 61 145 133 120 6 97 8 91 48 142 44 117 81 108 7 54 90 89 182 59 41 0 47 87 47 7 209 
25 116 56 20 84 3 15 15 114 1 115 6 47 17 41 37 57 3 205 122 3 64 26 5 110 58 34 37 23 100 18 84 117 13 85 106 102 0 9 59 25 0 95 25 20 26 92 6 23 7 27 43 24 85 0 17 1 124 55 16 0 114 58 39 11 8 10 50 12 80 0 63 113 80 106 52 112 33 89 55 25 14 0 38 7 86 171 7 103 59 77 89 20 5 62 34 64 9 82 42 30 101 70 109 11 20 7 85 71 5 41 49 37 86 0 98 20 46 137 17 5 32 27 91 7 98 81 21 
7 95 107 94 42 71 70 82 32 169 59 19 169 27 69 2 15 80 57 69 129 103 112 22 87 14 50 63 15 70 56 29 30 14 72 37 24 51 66 38 38 28 3 53 14 110 129 38 11 139 31 185 29 1 30 10 53 16 115 23 6 25 7 50 40 14 53 95 48 14 126 0 69 7 3 17 30 84 160 22 174 6 15 78 56 72 52 93 1 47 60 139 113 46 38 7 42 84 176 16 54 1 52 105 104 20 73 96 132 98 131 19 36 33 1 122 35 81 11 73 75 1 37 6 7 6 75 164 
46 58 54 82 9 20 23 0 23 53 17 66 45 26 37 15 0 22 8 25 59 11 59 5 33 22 25 45 8 10 43 112 3 20 29 70 48 8 64 16 20 67 28 25 56 48 44 113 20 23 19 80 87 29 24 84 94 50 95 16 41 126 7 46 34 66 26 2 38 42 53 73 0 3 1 49 0 42 101 7 72 41 16 25 49 13 58 13 8 30 3 55 40 50 24 3 50 92 47 133 93 8 15 22 133 8 81 84 61 75 35 29 49 28 51 24 17 30 5 104 5 31 3 54 52 5 12 97 
86 33 62 14 68 52 59 138 114 37 154 8 29 11 70 53 1 87 49 79 85 36 97 57 173 27 42 0 67 49 76 14 85 2 79 4 38 99 58 41 59 41 25 115 5 38 65 29 14 103 35 178 86 162 98 69 75 59 47 60 42 1 22 21 10 26 5 151 8 104 51 16 54 0 26 91 16 73 41 47 78 27 16 59 7 82 59 23 0 16 30 53 152 50 63 71 123 71 64 10 48 109 69 132 84 114 48 166 3 65 28 117 30 60 39 132 65 102 79 42 76 37 86 57 33 18 36 33 
6 64 18 92 168 13 64 17 69 29 91 11 130 33 0 31 47 60 14 86 92 89 32 14 64 24 53 67 114 41 59 12 51 13 43 7 34 69 49 78 40 77 23 49 42 87 127 8 99 14 11 109 49 3 26 25 82 3 16 54 21 5 9 14 60 5 5 100 2 108 92 4 38 3 0 106 48 28 113 10 133 68 14 55 77 19 48 136 8 27 81 95 59 18 29 11 9 139 96 68 60 53 112 45 19 27 96 36 102 67 32 11 3 72 2 140 41 16 49 19 9 17 34 10 0 91 62 52 
56 41 37 29 77 143 63 44 17 2 5 80 2 83 23 40 49 0 54 2 95 8 38 74 3 54 43 31 51 93 33 159 57 121 60 70 83 6 70 13 43 101 0 15 62 51 22 125 46 3 108 1 91 6 87 108 99 123 13 104 70 58 58 30 15 67 51 0 60 79 95 47 49 166 32 0 23 67 34 82 31 83 71 31 52 88 0 67 33 131 28 0 16 159 67 89 15 111 47 27 142 18 10 27 9 85 53 16 4 130 3 1 1 47 104 65 60 66 62 97 99 92 30 3 71 12 22 123 
31 6 120 13 64 55 22 104 25 113 42 36 72 8 63 35 33 19 66 41 65 22 5 18 83 79 51 14 64 15 11 68 35 24 45 3 6 27 103 0 20 133 17 26 35 84 32 7 62 9 56 98 68 19 5 31 76 48 90 42 79 41 0 46 85 2 28 17 11 58 98 38 36 49 26 58 0 77 103 2 121 114 9 7 92 25 4 63 22 20 20 68 41 28 25 8 37 108 27 31 37 27 12 5 116 67 80 28 7 44 123 37 2 84 18 59 33 21 15 78 55 8 39 120 64 4 6 100 
113 141 72 6 74 20 6 20 101 123 45 48 27 61 5 48 58 28 139 121 30 5 131 81 32 29 15 18 30 18 12 13 58 48 33 84 87 70 35 47 81 57 86 11 3 38 19 32 8 52 4 63 2 52 4 124 21 106 45 8 19 67 73 25 38 35 5 73 3 38 21 84 76 38 47 22 73 0 28 14 6 18 61 7 47 49 118 10 115 21 42 37 103 29 41 1 60 42 38 8 25 63 18 63 13 67 14 72 78 41 102 17 39 22 69 71 42 25 102 39 28 60 17 39 27 80 0 26 
37 95 8 57 10 125 85 2 127 36 60 130 41 136 30 127 39 36 54 110 12 106 143 195 6 51 66 169 50 82 73 114 96 155 83 164 21 108 67 45 17 29 81 11 84 56 24 83 2 41 63 14 13 44 40 119 67 170 4 91 58 216 45 92 99 45 142 65 80 73 43 134 40 109 122 66 129 34 0 112 2 92 11 83 96 96 137 62 114 12 59 13 102 16 112 100 37 65 20 114 33 125 41 6 38 26 23 56 0 97 29 25 123 22 44 14 19 70 147 55 74 83 12 5 68 26 72 21 
27 26 78 5 43 41 11 68 37 117 66 76 92 15 5 71 34 47 127 104 57 92 54 3 8 21 12 78 32 80 7 88 44 15 49 1 56 23 7 22 16 30 26 54 34 36 0 26 32 75 0 124 0 10 30 57 18 81 44 3 20 78 35 9 24 0 32 75 24 136 18 57 49 26 12 103 41 28 48 0 59 5 47 2 12 10 54 70 8 11 64 96 3 30 101 83 112 75 32 0 20 65 111 42 5 54 1 54 119 86 146 43 29 74 7 64 5 4 41 66 10 37 21 96 41 66 31 11 
93 107 2 0 30 37 46 4 121 64 19 96 78 74 30 85 118 58 180 46 59 29 49 83 62 77 69 83 30 10 37 58 116 123 20 22 163 49 42 101 134 57 169 60 64 8 45 37 24 59 10 27 22 14 9 17 23 153 19 32 4 29 116 99 20 15 79 66 34 128 31 151 113 10 51 66 70 10 24 35 0 8 3 77 15 7 125 1 123 116 104 31 153 68 25 14 20 27 14 102 78 67 45 0 36 48 28 64 74 57 65 62 48 34 38 49 26 57 28 35 30 93 15 56 73 56 123 28 
18 24 68 60 63 13 22 51 144 14 12 98 146 95 52 29 110 25 67 121 16 6 26 73 47 27 28 44 5 94 70 23 89 5 83 27 131 116 19 12 107 2 95 0 39 6 42 4 25 39 9 83 41 78 23 54 26 7 141 3 0 91 85 19 38 16 15 113 67 69 16 29 52 35 1 149 62 45 110 15 67 0 139 21 20 126 171 9 80 5 71 60 136 10 76 85 161 24 119 43 13 88 35 71 1 108 21 114 14 4 63 54 96 63 68 64 35 27 115 0 12 102 36 26 90 126 34 43 
0 54 190 83 49 68 15 31 32 98 35 5 46 11 88 15 34 94 72 68 98 57 85 0 38 36 53 40 30 32 19 19 7 31 39 5 10 68 122 43 36 104 25 48 101 12 36 29 75 16 112 116 128 82 81 13 121 24 21 98 10 32 10 60 21 41 84 140 55 67 67 16 63 84 51 26 32 53 85 15 99 90 0 19 30 27 45 120 27 2 63 70 33 76 76 20 36 146 178 71 109 4 73 59 124 28 38 31 79 48 182 116 47 122 46 76 18 5 0 160 104 25 78 114 22 64 15 168 
26 97 16 41 30 59 9 7 56 1 20 1 105 53 9 10 60 44 105 40 48 83 38 8 35 15 0 56 55 68 4 84 18 21 7 20 42 40 2 42 7 24 81 34 22 11 28 38 0 8 17 30 17 61 51 61 0 61 72 1 5 64 83 38 5 35 22 21 20 17 6 57 17 22 32 1 6 22 23 5 46 1 94 0 38 13 39 30 18 20 19 6 81 48 33 95 19 55 80 52 24 74 58 39 15 94 33 74 97 2 9 63 1 77 0 85 8 30 46 41 50 21 87 71 30 24 26 6 
154 130 24 16 9 20 59 83 159 42 30 68 48 131 0 2 33 88 80 51 1 105 67 18 93 61 69 11 4 127 59 87 62 35 35 120 45 105 8 5 120 10 28 93 0 40 34 28 10 23 23 41 40 67 18 64 17 88 93 27 30 87 144 34 41 17 93 133 78 55 17 140 6 26 98 42 43 30 97 28 19 8 93 8 0 64 158 2 11 96 73 48 145 13 4 33 183 3 74 5 28 102 83 103 12 172 14 66 107 5 60 55 45 34 109 87 31 69 126 15 8 73 98 76 144 123 11 19 
3 0 113 119 15 100 50 115 2 53 61 4 8 53 104 51 19 45 33 13 44 30 9 68 85 73 14 0 59 14 49 19 30 58 2 131 21 16 11 3 14 74 0 89 51 10 112 106 37 15 65 55 90 35 65 95 132 19 99 96 61 34 25 10 48 102 68 71 64 36 10 49 26 87 88 43 33 72 117 85 153 133 29 70 130 0 7 86 31 89 0 0 41 127 0 21 11 106 42 81 131 3 134 21 23 51 99 114 85 83 43 66 55 65 25 134 50 29 35 97 10 42 27 127 41 27 10 92 
43 21 156 138 167 174 35 20 26 52 13 33 9 53 47 38 67 7 55 49 103 43 14 7 51 111 15 8 119 3 60 40 28 74 18 24 33 46 117 38 29 154 10 10 96 65 95 28 55 85 34 27 75 21 18 9 97 10 117 108 7 80 16 122 92 94 120 15 73 16 10 40 46 74 95 83 49 25 113 86 51 7 7 116 84 3 0 89 20 46 45 107 28 88 38 15 0 154 84 56 10 39 120 61 44 26 136 62 11 46 120 41 0 49 19 43 39 27 18 55 82 66 13 11 102 33 50 138 
109 146 5 37 61 12 19 19 142 80 127 108 103 30 14 32 48 38 140 52 8 60 141 52 121 10 60 51 24 79 18 48 135 66 42 45 127 109 3 52 90 4 18 50 26 51 78 34 36 81 14 25 18 76 14 44 34 36 78 44 19 29 9 60 53 34 91 103 8 64 12 57 44 63 132 79 97 29 57 57 22 35 83 9 3 19 76 0 124 47 74 85 33 23 28 103 99 9 6 89 47 102 57 85 6 136 18 0 108 31 56 75 111 73 31 34 38 57 86 3 0 15 70 52 140 76 112 4 
12 74 30 1 73 54 55 151 22 141 35 9 128 1 87 0 47 71 84 33 103 48 65 23 27 27 50 7 44 1 16 82 58 3 28 56 15 12 71 53 8 1 2 12 2 96 95 52 106 55 38 11 107 16 22 21 13 56 150 75 60 79 53 59 72 77 46 32 60 4 126 16 35 2 29 112 21 25 24 43 88 79 6 85 26 6 19 7 0 7 6 55 58 54 39 7 11 93 67 63 67 26 40 2 159 55 47 24 42 122 72 75 30 88 51 6 51 62 6 14 18 10 22 61 46 14 39 120 
42 65 54 9 49 6 28 38 110 15 2 67 120 12 39 58 77 67 141 99 30 83 103 44 45 39 37 28 66 25 10 53 103 43 25 29 11 12 78 7 59 55 63 127 21 29 127 58 32 66 11 12 37 90 43 31 20 37 148 25 75 21 42 12 3 87 6 79 4 164 58 3 38 7 9 99 64 59 31 4 81 43 27 29 4 61 29 58 90 0 5 114 113 22 86 52 42 102 94 19 31 28 18 119 1 64 16 19 123 113 153 117 6 18 3 103 24 26 60 82 39 26 102 25 31 40 86 21 
87 85 40 16 63 15 6 3 21 69 41 14 2 23 44 78 13 3 28 47 29 31 31 17 9 55 11 29 9 41 26 41 15 57 0 56 18 9 62 3 13 9 63 2 13 43 57 94 42 22 0 64 58 51 18 101 22 38 52 19 42 124 12 22 5 26 81 47 26 28 78 77 17 66 30 14 17 14 42 41 23 110 1 4 101 40 59 61 23 3 0 14 43 98 61 11 9 0 37 108 16 12 47 62 40 57 25 43 70 95 100 15 30 55 14 78 49 13 17 43 78 10 22 4 38 14 22 73 
67 103 35 64 29 119 44 7 40 23 4 64 7 30 9 22 8 22 84 63 64 12 33 151 5 10 50 114 27 106 68 162 33 31 11 80 79 58 24 29 28 109 145 2 13 26 10 75 32 25 89 4 80 20 21 101 101 171 1 39 36 85 46 55 78 2 100 34 30 84 46 78 38 149 137 37 29 55 1 30 12 62 153 25 80 104 124 63 86 35 48 0 98 140 124 138 60 88 2 23 44 73 34 4 58 14 57 14 11 73 33 0 88 14 95 11 37 57 109 88 94 49 57 9 94 35 52 53 
99 40 71 3 31 167 47 29 25 26 15 44 28 58 46 58 5 64 42 17 28 14 24 54 43 40 9 30 71 22 8 85 9 76 59 148 71 43 2 64 40 161 71 73 78 42 43 106 6 0 36 16 40 6 86 7 95 18 62 61 9 155 3 4 113 16 26 19 71 5 93 8 39 136 74 45 5 83 44 3 148 148 64 108 142 19 18 146 76 78 10 63 0 124 29 36 7 17 105 86 36 19 17 4 129 25 83 67 48 42 25 1 6 26 65 66 31 19 14 143 96 13 2 85 132 14 21 22 
2 198 27 36 20 6 0 38 7 93 104 21 32 36 53 76 33 18 196 26 17 170 66 128 81 2 28 90 81 23 19 72 2 54 17 5 92 140 37 5 118 19 89 45 60 24 98 18 30 72 49 4 55 117 43 108 35 120 52 49 31 31 53 50 2 46 33 156 52 72 0 97 29 5 14 89 74 29 25 32 18 25 59 56 26 139 130 23 127 12 110 30 19 0 72 165 54 42 13 25 2 24 115 138 10 60 2 110 119 49 125 33 96 129 17 7 18 21 108 65 33 11 55 25 78 46 1 4 
77 8 132 82 151 69 92 49 4 147 63 13 24 8 13 9 36 58 22 8 141 15 11 74 54 165 21 2 112 9 5 35 22 40 63 94 63 50 50 77 50 175 48 68 14 112 65 117 2 59 56 119 55 58 82 25 147 65 130 32 143 111 16 110 87 71 0 80 53 19 13 17 14 68 54 19 64 36 147 66 90 45 37 27 63 13 11 55 17 114 39 73 23 185 0 43 5 161 108 5 84 1 22 36 132 9 142 38 29 120 147 62 15 68 50 48 70 9 5 48 125 31 41 78 20 48 11 80 
16 19 126 29 6 57 78 107 27 33 11 0 16 1 0 35 32 47 55 50 72 47 23 43 59 130 26 1 5 9 78 66 8 16 80 84 7 9 22 2 24 177 3 120 8 9 87 63 19 93 11 59 100 108 29 57 114 2 78 35 84 65 18 99 83 123 86 64 29 40 30 37 28 36 73 63 4 69 153 100 26 160 19 70 124 13 9 69 1 40 34 61 18 29 15 0 13 170 35 122 85 39 89 119 58 30 121 64 128 25 85 40 20 56 48 38 24 39 4 72 145 44 36 63 85 6 0 106 
15 10 99 103 127 1 77 36 10 179 79 4 52 64 74 8 28 10 16 36 80 58 5 21 50 37 100 4 98 5 73 60 4 19 48 122 41 2 135 48 0 137 22 69 1 96 29 8 104 51 33 133 0 50 89 78 64 82 112 55 41 6 32 32 17 78 71 73 42 45 81 62 33 43 86 50 0 99 115 3 179 174 39 108 188 9 0 57 21 28 39 151 19 73 34 10 0 102 161 163 92 52 101 103 74 0 36 18 46 166 170 108 7 77 52 88 77 25 0 145 31 59 10 60 23 6 45 159 
170 203 38 16 33 27 37 43 7 61 122 154 117 123 10 28 79 17 71 60 7 23 0 31 63 4 41 44 14 78 66 24 5 137 2 6 33 75 11 19 137 36 73 77 41 41 59 29 26 100 4 18 26 113 22 57 39 41 5 18 33 123 23 98 72 5 110 122 44 109 10 2 70 4 62 53 118 25 72 18 9 28 159 68 2 27 68 7 17 51 82 80 97 1 157 12 92 0 12 88 27 143 47 95 10 105 45 44 45 28 53 86 11 80 23 19 88 67 113 4 3 94 66 51 137 57 54 7 
70 97 42 67 35 63 65 20 108 0 8 12 30 129 2 131 50 76 59 42 115 91 120 99 34 138 82 99 9 132 40 162 56 17 44 68 80 57 81 62 99 104 4 22 46 13 3 87 75 36 55 4 41 22 37 172 6 61 1 23 83 60 3 25 26 20 160 49 104 98 37 154 59 137 95 16 122 56 4 0 41 6 156 82 36 114 63 40 154 150 25 1 30 137 99 50 111 60 0 4 123 95 21 7 42 10 91 28 39 78 4 30 32 3 137 2 104 21 46 48 62 121 60 5 78 69 44 1 
47 110 7 11 157 49 3 89 29 71 145 54 145 31 7 21 21 15 196 7 19 34 175 23 12 3 59 25 32 75 23 49 79 70 105 8 20 57 56 8 23 39 127 132 83 13 13 54 46 28 65 63 8 8 26 56 38 81 112 48 16 1 47 28 9 101 34 72 11 85 39 16 16 25 49 113 65 76 20 37 109 7 59 3 28 52 100 77 71 15 116 152 120 11 66 120 157 54 34 0 26 35 100 18 8 160 23 145 28 41 1 17 55 4 9 47 58 20 97 21 14 53 1 94 4 55 14 3 
34 136 29 22 67 9 24 34 102 12 38 27 100 5 40 100 125 46 212 182 29 117 99 85 92 7 59 37 60 149 67 11 23 5 45 66 0 11 35 55 119 16 1 8 4 59 30 17 59 37 43 8 1 75 7 103 19 52 55 40 14 39 129 7 2 31 49 101 31 116 17 58 107 8 36 90 94 32 79 45 42 21 32 27 19 127 166 15 57 35 35 114 64 10 11 64 49 54 40 30 0 73 150 148 22 21 17 115 118 8 57 16 90 118 19 36 22 27 127 43 18 52 6 45 53 23 105 21 
9 65 109 16 52 82 74 75 24 75 18 3 45 51 25 14 6 44 19 15 106 7 42 15 21 63 18 30 89 17 20 31 7 9 3 41 48 2 70 3 0 151 11 10 9 27 2 59 36 22 30 113 6 57 50 47 74 70 56 48 56 85 2 94 86 14 26 53 92 5 121 86 3 32 71 13 13 31 119 12 98 140 48 0 61 19 1 112 25 25 14 4 25 14 35 14 12 10 19 102 22 0 17 44 56 40 106 92 78 12 20 31 37 52 41 9 52 29 19 56 14 3 0 80 76 5 5 0 
119 38 36 27 32 131 11 24 102 5 30 122 24 109 135 179 77 94 137 76 116 23 116 139 1 182 60 122 36 23 10 227 90 123 28 14 157 113 83 69 24 21 86 6 27 51 0 74 38 9 91 28 87 25 82 181 81 153 0 98 29 120 103 114 56 22 156 35 37 141 40 87 47 106 187 39 57 20 10 102 13 63 147 99 123 127 65 52 19 135 25 34 28 106 71 51 112 11 5 55 88 77 0 18 40 94 96 5 18 0 2 29 84 56 107 35 101 39 164 73 143 103 93 14 184 118 10 10 
66 43 37 75 17 12 97 6 69 32 29 35 3 86 75 102 57 18 19 88 44 73 46 4 18 65 53 0 3 80 37 23 52 155 41 168 97 14 48 48 47 148 88 2 14 6 22 59 7 22 14 20 16 27 1 194 99 86 6 5 79 44 32 90 27 37 5 1 112 49 93 143 71 100 104 27 68 86 3 24 35 76 7 67 110 65 83 69 94 98 9 0 44 3 98 98 151 79 0 17 135 13 10 0 129 86 75 1 19 123 6 22 8 28 11 22 19 48 34 85 65 124 7 8 158 37 87 69 
43 15 77 35 97 24 52 3 160 113 67 140 17 62 26 137 90 84 216 0 9 115 83 103 104 44 48 7 42 43 22 110 20 105 43 86 142 47 18 36 8 23 76 83 61 63 38 7 8 76 29 52 5 104 21 85 26 92 129 0 21 143 64 76 9 43 68 50 70 186 12 46 8 84 54 147 32 41 68 69 2 12 112 2 9 65 1 0 26 50 41 112 158 20 44 32 99 19 71 7 1 66 104 111 0 20 3 146 51 4 108 71 2 44 61 98 38 39 102 24 2 28 20 74 67 125 110 1 
106 5 169 138 15 66 87 56 23 111 52 55 102 23 81 35 57 70 21 10 150 25 10 122 34 136 45 18 51 11 116 12 29 84 53 57 92 71 77 40 36 70 2 41 61 88 105 146 27 47 133 78 94 27 37 84 146 51 128 7 118 44 14 75 154 80 107 19 75 16 187 35 49 176 12 56 26 150 92 30 2 114 51 64 179 33 48 135 81 62 64 127 24 204 22 21 36 63 98 32 86 33 30 122 93 0 14 42 94 67 7 58 92 5 24 74 8 81 36 110 88 49 3 53 96 40 48 45 
13 69 63 13 67 19 28 68 134 18 72 1 24 62 10 77 81 43 128 17 23 55 80 7 92 20 23 110 51 103 19 99 115 10 48 79 71 58 33 2 98 46 6 20 39 33 80 17 0 80 12 29 12 64 7 85 2 19 20 0 18 36 35 21 10 45 26 87 49 72 21 98 70 30 93 113 65 13 79 6 10 6 43 26 6 20 26 1 13 44 19 18 2 14 8 25 1 8 113 46 10 13 136 106 4 43 0 53 35 20 68 1 75 50 55 85 3 52 111 41 3 78 38 100 81 31 71 14 
106 62 8 8 65 109 60 18 45 20 11 2 2 132 42 149 42 9 1 49 46 41 104 135 16 116 101 15 15 19 69 73 29 54 45 45 96 39 115 49 80 103 94 3 30 18 9 68 67 13 91 6 25 4 125 162 36 32 11 38 6 83 12 35 89 66 153 5 70 7 76 65 87 171 81 20 5 91 45 47 66 120 90 118 134 23 82 12 124 17 3 3 66 45 20 67 13 83 11 97 134 92 14 3 6 19 94 0 4 57 9 8 66 23 122 38 29 6 86 8 75 142 29 12 88 51 34 26 
125 109 72 86 19 48 43 64 11 28 12 88 2 114 80 97 8 12 23 35 19 25 55 159 1 85 101 122 57 95 51 177 42 141 21 155 88 22 118 4 17 125 11 37 33 31 9 29 6 8 55 7 113 28 5 189 50 116 24 48 67 199 17 97 41 12 81 13 126 71 87 131 43 186 16 1 72 8 53 137 56 162 67 126 39 93 106 37 64 56 52 25 20 121 0 77 131 28 40 59 128 39 18 2 94 64 57 10 0 1 13 27 71 23 64 47 6 43 133 132 83 134 48 4 39 48 15 102 
66 3 54 3 11 1 20 74 129 93 106 179 72 6 26 147 16 62 198 161 21 113 175 66 30 42 1 101 26 105 53 172 158 130 48 81 146 37 16 101 8 28 12 38 59 14 11 46 39 117 45 46 21 93 0 11 47 140 110 74 17 123 93 15 69 18 37 74 51 87 6 47 113 127 15 64 19 28 96 15 29 19 27 43 23 11 40 5 13 70 111 88 48 61 179 47 79 19 65 43 35 34 146 130 18 141 7 139 148 0 104 133 34 29 132 71 98 67 54 25 5 127 80 8 152 140 144 25 
139 72 59 31 9 58 72 32 102 1 26 149 48 68 43 165 49 95 55 40 120 22 24 0 9 59 35 118 73 36 99 80 21 22 101 112 99 67 72 65 138 98 112 31 88 4 28 76 20 52 66 13 40 55 108 57 95 124 2 4 38 200 80 112 115 43 149 35 96 2 52 62 54 85 37 37 41 86 4 15 59 100 163 42 59 57 120 0 90 71 17 22 80 155 51 121 20 14 19 175 56 37 15 21 87 80 76 42 35 40 0 67 49 25 112 0 58 38 22 97 51 9 87 8 143 67 66 54 
9 39 25 74 82 24 22 59 4 58 3 103 28 30 88 57 13 51 103 14 101 14 43 24 7 74 47 40 0 76 58 122 28 104 9 67 7 8 32 14 46 114 80 33 17 5 3 42 19 15 49 60 86 3 92 29 41 2 15 33 80 157 8 58 72 35 60 8 40 59 102 97 45 41 50 5 2 0 13 9 64 106 83 57 63 37 29 18 96 117 6 14 47 129 60 6 93 99 8 161 79 35 4 19 137 30 7 34 1 40 46 0 70 9 39 16 48 44 78 69 79 12 41 19 34 29 20 68 
33 75 25 10 63 3 37 71 41 128 102 34 70 1 42 32 10 29 113 39 5 36 76 39 51 50 27 41 22 15 54 24 32 14 43 15 16 36 93 17 24 46 15 73 24 21 60 61 7 32 25 36 79 44 55 41 59 14 79 53 14 18 25 17 4 76 37 76 18 18 71 42 53 55 32 66 16 45 104 31 134 0 11 35 55 18 69 45 45 46 7 116 51 76 56 17 34 67 25 57 44 26 44 19 68 66 50 58 6 15 109 65 0 77 1 52 5 37 2 118 101 3 54 120 13 4 9 2 
33 133 22 20 8 112 25 23 14 14 2 89 37 49 57 121 45 29 4 96 38 68 109 129 22 113 63 84 19 58 23 154 13 44 38 18 41 64 74 48 50 95 122 8 47 13 13 22 12 21 68 27 49 12 13 141 66 69 8 73 17 60 28 48 40 19 67 15 27 130 13 143 6 111 133 19 39 9 31 0 31 1 70 19 37 31 43 83 106 64 7 11 55 32 106 113 127 13 30 112 46 77 10 2 82 35 6 32 40 71 24 7 48 0 46 22 87 30 77 26 11 58 28 12 137 4 22 40 
0 119 113 17 27 47 6 53 29 8 1 42 128 1 47 16 29 34 17 59 44 41 55 17 49 10 11 5 100 57 44 64 43 11 3 1 4 23 62 6 2 115 32 29 43 72 26 18 74 55 61 41 25 31 41 41 25 7 118 41 45 34 50 55 24 91 11 97 16 7 43 1 60 35 13 116 2 10 82 32 30 62 16 20 102 58 6 119 32 6 26 66 91 68 65 30 68 14 126 25 7 17 136 119 102 80 12 80 95 22 136 40 1 75 0 117 12 25 11 115 20 14 46 107 36 34 23 51 
172 115 40 23 4 104 43 3 81 16 29 89 6 60 22 125 99 35 106 38 52 59 9 115 7 30 26 9 24 111 33 122 36 43 39 91 73 47 35 70 101 32 34 18 77 32 13 38 49 9 18 8 25 22 66 197 41 64 18 7 18 153 67 24 99 9 57 59 38 0 87 164 26 178 159 6 22 30 6 44 31 71 65 84 80 18 142 3 65 0 79 9 89 25 35 109 156 86 3 63 94 112 27 10 69 70 31 29 60 36 20 62 134 7 96 0 3 49 78 5 68 12 0 6 170 95 41 38 
57 129 34 20 125 1 23 13 33 131 52 32 92 2 14 13 11 1 67 13 26 73 8 59 74 31 4 76 74 52 13 39 58 17 29 53 10 44 34 28 28 28 29 99 48 53 30 2 2 12 10 55 29 56 82 65 42 48 43 6 67 59 60 26 31 37 5 98 13 41 8 23 30 24 39 60 2 3 39 6 30 46 19 27 5 13 32 50 19 18 4 107 1 81 80 29 56 30 15 44 28 7 143 124 89 54 4 56 126 2 36 69 5 49 4 107 0 34 3 24 97 16 4 65 39 28 46 82 
72 110 15 23 23 14 11 63 38 14 35 5 13 55 14 82 28 7 28 3 46 77 104 16 3 68 10 37 8 54 9 71 23 90 12 39 34 25 62 13 57 0 61 7 2 15 18 15 1 6 32 25 13 44 3 45 26 48 19 19 48 64 5 57 23 3 17 59 30 35 7 11 10 93 19 25 29 4 71 48 27 41 63 25 27 17 70 38 83 48 21 60 44 70 39 71 12 51 33 93 66 23 69 13 51 34 14 56 76 46 36 13 4 7 34 7 3 0 13 29 78 45 40 67 42 26 50 50 
5 98 140 72 92 85 6 1 1 82 84 13 113 16 12 10 25 68 42 1 18 14 44 9 88 108 38 2 51 24 60 13 55 10 52 7 3 30 107 57 8 112 12 26 56 60 123 113 17 74 43 26 46 78 27 38 78 10 89 81 102 46 18 11 64 79 50 15 48 71 6 27 47 67 12 25 19 6 95 34 138 61 21 69 110 30 6 68 9 49 39 133 2 7 39 12 17 153 111 63 131 10 88 148 127 12 21 59 47 62 4 2 25 50 35 42 4 52 0 145 64 14 55 128 11 22 37 47 
112 3 26 10 65 14 23 28 81 72 109 122 52 122 7 1 97 32 168 68 1 43 54 5 85 18 46 68 13 5 34 64 36 20 19 91 123 52 8 89 75 43 9 55 36 33 26 27 21 61 47 68 29 20 8 20 47 143 30 45 3 156 105 17 69 19 2 66 31 166 9 60 60 44 138 4 78 18 77 14 3 40 157 41 4 152 95 8 55 51 2 6 2 30 24 66 53 7 93 66 56 74 91 28 25 38 19 0 104 32 29 72 15 50 119 32 59 36 43 0 34 9 17 65 21 10 86 3 
17 18 74 46 20 13 20 1 12 118 4 121 141 78 56 51 8 9 193 21 10 109 144 159 32 47 35 93 28 178 63 61 113 1 57 9 61 93 8 33 125 15 23 84 60 79 105 14 48 91 16 40 28 4 18 100 34 101 64 44 16 150 46 19 27 52 34 139 38 221 0 142 29 41 122 55 61 44 106 73 28 5 57 5 15 126 4 23 103 18 34 65 104 16 58 29 29 9 23 67 27 107 1 53 2 186 17 117 125 23 104 123 105 45 88 112 32 40 15 22 0 103 144 59 11 7 36 14 
0 62 69 67 49 21 6 114 66 142 94 5 92 10 42 9 77 34 29 94 30 53 72 19 96 71 8 32 81 63 34 19 5 1 74 31 14 45 48 32 22 91 14 79 66 40 130 98 15 8 18 143 71 126 63 38 23 6 155 66 78 29 26 62 6 27 19 48 52 122 112 6 58 29 0 43 30 35 166 5 40 123 37 20 138 65 3 87 25 1 63 102 111 92 100 10 74 61 35 9 31 58 115 67 52 70 100 26 136 108 90 106 8 57 8 137 12 54 13 34 125 0 82 121 19 47 7 0 
20 26 85 51 98 135 19 69 34 79 14 17 14 58 66 76 1 37 17 9 117 18 47 68 25 28 42 23 0 22 49 30 0 11 27 115 34 1 76 24 18 158 29 40 58 60 7 115 42 51 33 120 85 18 24 49 49 34 41 61 66 35 2 50 20 50 15 48 60 46 52 3 1 16 99 25 50 33 104 13 31 21 76 46 125 24 58 22 35 7 15 26 15 134 25 52 11 1 81 110 84 5 10 25 54 39 1 12 18 90 61 37 33 74 67 50 9 49 42 124 144 1 0 35 62 15 16 89 
111 0 37 8 13 59 17 13 92 7 9 77 12 63 103 42 78 26 10 118 9 77 34 99 20 141 7 70 6 48 48 127 39 76 0 4 94 29 10 34 39 67 74 20 63 41 12 18 24 4 28 2 79 35 11 196 86 187 6 23 59 35 67 138 37 26 36 4 39 7 59 127 5 113 165 8 131 61 7 4 28 48 65 112 62 121 14 50 120 50 12 4 38 103 63 94 104 73 5 24 7 36 7 3 11 125 49 15 20 20 18 46 84 19 94 7 67 69 6 61 24 17 45 0 92 1 49 66 
3 30 148 114 134 76 76 40 54 124 69 4 83 16 80 19 47 42 130 106 111 105 94 10 97 77 16 38 98 69 38 23 39 8 33 25 24 25 57 77 58 70 17 50 85 85 100 74 11 84 91 92 98 103 76 19 88 2 130 15 100 13 17 6 22 5 11 122 24 69 87 11 21 7 5 31 6 2 166 68 107 61 5 49 131 9 35 77 48 24 93 6 93 0 101 60 39 41 61 53 91 45 167 149 47 95 103 146 29 13 121 49 8 32 13 116 11 63 13 10 130 29 23 10 0 88 94 104 
32 0 1 21 15 34 56 78 1 31 10 14 58 16 36 62 8 23 87 6 18 24 1 9 14 111 38 32 77 27 13 113 15 27 2 102 43 3 100 7 11 121 12 68 46 66 7 21 17 24 27 41 61 13 56 79 7 93 87 74 32 36 0 85 7 84 30 12 44 17 109 47 8 43 28 20 34 67 121 54 48 80 5 20 137 24 33 128 0 2 13 21 46 17 30 24 5 95 38 21 125 1 36 44 93 44 71 76 43 122 66 16 32 35 8 6 10 11 21 105 14 50 2 83 8 0 2 96 
15 85 101 95 50 9 69 30 21 119 61 47 69 27 41 23 0 24 72 58 88 25 36 30 3 117 51 24 31 2 26 90 1 46 33 32 5 1 45 28 4 78 41 32 25 68 55 33 65 56 76 85 37 65 80 89 75 56 10 43 52 11 9 17 18 81 34 2 44 18 40 19 1 48 23 77 26 17 124 57 105 100 0 59 13 3 20 60 28 78 20 28 29 30 9 38 11 103 99 38 91 8 11 106 11 69 19 4 1 54 133 53 9 46 34 7 37 54 40 47 125 27 13 21 42 3 0 19 
154 216 25 30 14 23 39 40 127 57 51 163 26 38 38 137 120 88 78 155 3 19 39 15 110 46 26 59 26 169 54 13 127 136 41 65 159 1 15 50 49 31 167 15 9 40 75 8 1 40 33 88 51 100 10 87 2 168 1 80 10 131 132 99 35 57 102 31 107 152 10 124 122 12 99 60 75 57 22 86 17 15 169 71 19 97 42 11 113 46 82 53 12 4 121 18 144 7 65 13 74 103 79 11 26 185 6 101 97 17 87 9 122 44 25 16 117 26 135 5 1 91 20 13 49 85 2 0 
