-159.44675621979943 -612.8677550218995 
-55.34539722512521 -959.0514136671786 
469.83004083498446 -851.7962027404267 
566.5024151450124 680.3501136748818 
-146.94661718888958 114.76288157433333 
-335.3634864647423 -612.8058388810554 
-49.12657403383292 -538.9248120238483 
-122.18548088569902 951.8543699278607 
-220.80865091536927 -880.7921425182244 
-394.248089061306 -819.7936370357393 
-834.9945572961301 637.8227179831957 
59.03132057067872 818.6169850218344 
343.2199435857064 -483.8083045059101 
607.0938028731754 550.4738186644648 
-556.1954860796305 627.2795012912202 
-916.9932894616815 736.9525210467875 
-379.98972990101754 -481.8358528286537 
427.4839896592664 979.3116835910813 
-242.45351700590635 -518.3880324498214 
738.4711479164687 -88.30245888560806 
-231.69288052659164 276.25183898979833 
-364.20182237150067 -869.3509559350416 
-843.0258943286752 -78.69584512696815 
-469.3042787262232 -320.96393727516204 
-387.72003126318657 679.7904447568955 
-774.9162596534169 -248.65290704946142 
-534.028843018204 -343.16447630483293 
596.0118332348086 200.7556472240133 
137.89212713937803 502.17188882625385 
529.4790069512862 -17.15992691347079 
-382.6852536378536 514.3025063699098 
-444.774269143541 -461.697014664312 
999.6647136024967 562.6828248513478 
812.6344713105325 833.969616763718 
-47.57250700517823 7.252057249536259 
-214.20603906769387 331.7785319106723 
21.510166576567347 -88.99924795144898 
-271.1358711966454 84.98899191155118 
-509.6757150963511 985.4726178281319 
-457.7826486394501 -651.1559826774443 
-458.0990231537285 -331.4138905376529 
-621.2703519543317 -473.6501403314091 
-545.3027992306287 -795.0691057879342 
-0.05927739311273328 -232.99841458534564 
-796.252277695422 841.0035681064843 
-970.2335436069632 33.26225942059469 
996.8216175328879 -483.4844069978863 
129.68145348059278 -67.4235725599699 
928.1770603268902 -198.39714139658616 
872.8869403247961 -410.8385851356875 
289.488621084778 32.18914664889083 
112.23865266694233 -664.5440864968757 
-866.5178846201989 84.3425079029736 
-97.97199376719811 -501.10718933134547 
552.1378241506891 858.437960766548 
-335.93823182859614 -775.2020491821692 
-200.90632224411854 -338.4690350205124 
-132.16285211193778 -546.550123110436 
-749.2290784591826 667.247115503736 
919.0344926287987 135.8867452419741 
395.40538744834475 416.69740197986636 
24.619472389203256 -487.8996721759641 
429.4381714419282 -179.1315344168829 
-831.5447521688817 838.7800379545325 
171.7482637852572 274.23137656302157 
817.2867670125934 623.0621013507407 
772.3945391385281 15.432691218989936 
-157.88962945207797 378.4664757469678 
77.60727833902249 750.3661992796524 
-795.7547897685977 126.12494506384864 
-461.63684471948073 -924.818367046234 
993.0448422186706 -939.3651291998221 
-428.6904327037746 804.3153867833337 
812.331679821449 213.58835564907562 
137.8183012579779 -361.2107719295472 
488.7804402184763 518.3384824419834 
-316.28732690478677 -733.9262965790982 
793.3701418396939 718.0123070678454 
-939.212204583807 682.4016231404518 
-517.7519700736124 -541.7159694263365 
694.0022957215247 -629.8325340832142 
963.4186868364487 550.7399456501909 
-324.5833948813204 7.343870237426664 
-375.33476936507503 903.9068665521053 
-368.3733864104743 501.38671058620844 
599.1497017873472 -88.24996863812262 
225.76070446300412 -103.16557428152096 
534.741907709036 -444.1867438747178 
-249.33268323102897 73.12316832784992 
593.6952326977964 -610.9143934853552 
479.5227851056243 -982.2843788102418 
342.9369637448665 313.4478903659923 
478.38766176305313 -737.7322966384577 
-140.00555326561036 -51.56645718790664 
-927.9704075845643 -960.2931271814048 
685.6058291717395 66.95995003184696 
718.188121275118 539.3565009410115 
-812.7456600535863 -187.75359732722086 
40.35687251672382 856.9573578968837 
-301.54476330160287 -366.6613926833897 
-806.4400473901696 196.97649333062594 
-121.36563207206419 220.29957677175415 
187.91928200670728 459.7291329050375 
866.7354002224381 -803.425940412663 
397.6074275482322 106.72632559904739 
420.0442251522189 -924.5329060711663 
-964.4092409213494 -706.6657981294577 
-338.892108667499 184.65407727818462 
844.9464855597719 -872.3524277469827 
-677.3410250837078 -800.6146441856192 
-920.1160937150037 -729.9437451197375 
-107.81469830658396 815.9200640266913 
419.4779122838266 69.84358895527532 
-450.16208163540904 715.621749461182 
628.3011679638315 -959.6052641612538 
277.1020753528568 -556.0735670082662 
-686.3489427051843 781.0493370161935 
750.4237012243586 -12.104214813187797 
-280.65149155167404 262.2864241384348 
510.9177586132894 646.0377546947675 
-927.0535655048553 244.0837012639383 
632.4647901850647 480.5265514886647 
754.4576794566563 492.78041506961114 
-97.07217405727575 -316.3433023426792 
-138.8866387223293 -407.07777831380844 
-557.9743216576438 447.9471591454505 
-771.1219717630904 193.33853278225365 
-292.06277394818716 699.188609929744 
43.28673112990145 858.3369715562301 
2.9844264696587963 56.755765981019394 
504.7923701191324 907.8733080452923 
999.3373432506643 460.7605883823511 
-35.879053280566396 492.4123376455052 
-290.75013286733696 831.6572252435033 
-936.5190385383611 -615.0544204847996 
221.60321853423892 795.4871753903415 
107.10947036951946 -804.9059255203119 
329.14496845545347 841.4295163021545 
17.921504220538953 -267.06849249926165 
426.3040215159253 -114.67827261442577 
125.76172139695552 -536.7670309812634 
-434.82945952008566 -792.1127138079567 
-485.0534424705784 569.0612121350603 
-831.9244206715373 -733.1523589373026 
480.704075170812 423.63774056976797 
444.2982607675661 -536.7776482418418 
158.63269147217474 -812.0551392189072 
-586.2453665463244 792.032696164305 
-876.5075985596814 -213.78473884373838 
-488.55101556707626 -793.3953062142069 
-198.7087766925526 -434.18864014069914 
838.2285971021397 -847.0620373623506 
-51.91148806270584 -754.6905419208365 
-987.3268516300346 -382.10366801467944 
59.47861419105305 536.5115447047282 
-821.354352943392 -891.8841586909772 
68.25090066401862 -122.66089821717819 
361.562847123811 705.840648670756 
-826.8441045632425 16.284291642464144 
-240.90775247467545 346.44813360343727 
-506.97631026415957 208.23922040621824 
-151.16258510733283 -348.7113524538075 
709.850562093173 706.0924380411391 
59.04081818192619 159.02640129944555 
-599.7408473879984 -333.8387289865485 
291.42816683954663 -836.7793958840471 
-437.2919037333198 407.75528217909795 
-478.3210947469265 377.059021506968 
353.6427226263492 435.49039171718306 
448.4979471636179 317.2968095258695 
989.3643729691404 -896.3066744863861 
910.7811914169026 -443.43240089778055 
-698.313215256479 -156.427263266391 
447.9547503571371 -370.1986200492835 
383.06329301245046 -75.95934162718709 
450.643925635416 -874.9310032668922 
-581.0653078853283 232.52437089928213 
-927.7174009553017 -327.6702022255573 
-651.1169787878022 339.12068469502566 
477.9085565094672 811.301420000274 
177.25033934510702 499.7624866807533 
-252.94801137917267 931.1291794162315 
625.5119583297598 545.5128806510925 
-143.25719258947967 63.68810176053752 
546.3045532445001 -117.6301647206357 
-84.9171855324411 -79.6270966331647 
-983.3000524082804 -558.9841054104764 
-42.58536085079978 -360.4806630180377 
-12.389488534941373 -30.87054334408368 
-797.5008065223517 -581.1309094656348 
-296.5046042901063 594.8819808637154 
91.70469056285602 269.4633969599216 
100.1915736401442 181.14315819014126 
298.2596844704477 -654.3826655621092 
991.7939547104236 -460.43757520367024 
530.7476147336791 740.0835426235825 
781.3845968154208 -520.2232192241145 
-367.54592653927665 -626.6609739123519 
-176.17933725009905 143.24133881190158 
-679.6552071448399 906.363395063438 
-381.95192936101716 -799.7482188801588 
-842.1419214900089 -773.159990209705 
-219.66039969573004 -475.9172449431408 
-854.2672474308497 -235.09283244818246 
326.6647607930835 -283.45792254169 
-301.0757457501376 -602.8559656261644 
-814.8974679779566 -25.045412085317853 
-551.1119266933622 33.32616149981482 
-587.7112472397752 -341.0668497855387 
946.1694711126282 888.6533234805394 
550.4008506696729 -429.0753493293966 
804.8979015685373 -357.6883226879315 
-575.0389097843389 -284.90991703371816 
-435.13223752263764 -738.698963577651 
300.1538716913852 949.5501568903512 
118.78147316183174 892.3125645286171 
397.07405062687906 -563.4105017911108 
152.32034514568116 -78.95482296540757 
-639.4823961083522 -688.7397055016858 
-887.9344987925406 891.9991396198958 
547.5599635394055 632.2328848068672 
923.1132637330539 -153.63200637722142 
193.7132799372312 -914.8148648693056 
-696.994093301621 -426.99274509511054 
-578.057916102164 294.7465426754583 
-934.2943123106859 -302.3460019028543 
-736.9812800942348 -567.2223897285478 
-692.5353143662776 369.00844920889875 
404.23577324239136 887.4021535043271 
123.16217739967716 143.6338091682068 
-161.18142001406844 287.1344714288007 
903.4768412792524 477.09380080725583 
940.5873441136043 -675.2409930317931 
642.624923981028 -99.25973982676939 
274.4839186690864 -281.6919122115442 
371.1713812589208 812.202085948264 
-555.3942126112598 -155.28503007300154 
328.98080770959837 386.7220649577634 
-505.9194527244464 -372.98634807156606 
-416.92909361542905 397.0194518988117 
237.30868237989733 -325.39516201501175 
422.9658607529412 488.90354047717886 
916.5339523620535 483.8855679721372 
352.3726731403671 694.489812804733 
-651.3739047014537 -459.34957993153944 
-144.84363159894698 -105.30832613871111 
815.7147817352437 -94.90123194975509 
537.6518327199733 954.7274119812668 
508.42155913050146 -948.3177241833123 
360.36800556940585 -746.3175956144192 
277.7923133215354 243.34966035882078 
958.6204529014783 460.9054248079008 
-737.17478864304 -42.554716988571386 
-249.7136217591449 -354.26908473603993 
261.8744480844422 -345.75930793677645 
-665.0455456688991 -638.7923188161906 
