130.262961823852 -128.90471110323264 
-772.6502604400256 363.1590722117783 
-687.2788440541226 74.32501501994126 
-147.7449842677583 461.59873461772304 
761.5638463453254 394.67006409990415 
984.7928338249527 -310.9432306648896 
628.7534351422416 54.83054166638679 
132.83827296925477 969.8000898697962 
-283.69325028361226 -879.9180217245535 
-313.4993482479309 435.17343673999045 
-102.7318771714667 -969.6037548922283 
-491.98174119388807 -312.9568577044788 
-235.88389174051372 -678.3113309690476 
-710.6149687701937 716.3028595012441 
-732.0350820915867 -796.8917538840324 
486.313811860603 286.44585236596765 
-100.32998423991214 -584.050637456784 
568.7715268338394 206.5367071831119 
-256.95831212066844 584.3793136699993 
-481.28670648003083 -786.8281601699512 
-303.1197266502823 -87.5574535312047 
-125.41043987729682 -78.75003881672482 
-715.8451096883518 162.83701757282577 
926.3025617176339 871.5902209771871 
-357.4991279615811 -583.556668331148 
622.6084180912044 -844.5043442205033 
927.9618997830165 -234.06384600326646 
182.07349038714506 704.8611280325856 
260.50783498933396 -28.32794740443978 
-561.1213560332724 655.8807679336729 
-432.09299112800915 -326.574631899174 
-692.9071704555114 8.410384530125548 
100.67053962158323 960.5798924156041 
418.0468444340486 936.4393280026609 
792.5051194774595 448.2961514632131 
909.1825261433178 -512.2477471536238 
664.6725398695157 -311.2180341416704 
-244.39411224554374 673.2137248218693 
-518.9033042333917 -13.555056639585228 
343.2034896451042 442.9575789274285 
-504.7731443254646 -176.32394234656766 
219.2689686045315 -788.4845506224339 
-984.9519693182889 976.7778455617968 
846.200388581835 457.6520093462277 
18.476762558462532 336.80191893352674 
60.73289136762039 -153.53185451706386 
758.1432974185307 493.85872080665825 
68.6894867787453 393.0958909583806 
516.1708088167145 -147.35794714713245 
667.1807349336161 436.98496304321986 
-200.3624245273674 592.8943966851388 
-315.3591343836859 940.0939575944171 
-816.3750240967485 884.452456641953 
-235.39998608489475 -153.99450628402954 
54.44558195045768 256.8980433007535 
631.7965156864698 -889.7773276936822 
890.1364458228145 596.2331344924761 
628.5550546904228 583.2888522048727 
307.19910958907735 -325.7752368861806 
291.47058479395696 -213.44043556450941 
-970.3635194907076 -975.4201125844988 
625.4935575615301 -946.4606387035366 
-93.17510475119617 974.2568226230599 
390.3308411766311 9.259478274920907 
943.8627537290203 -137.00522859402065 
-982.8854902929743 921.2185844810767 
-203.7643577492012 586.2928829907463 
310.2914819584623 -939.8603168570025 
-431.3256036026394 -567.5875420936336 
362.18086868725675 914.8023935329824 
805.6046874967612 -797.8877338096206 
-951.9118457529004 -346.1569698794387 
-163.47539509309294 -578.3879432809897 
-300.91117981332525 191.2332123383469 
74.44333279621151 -395.4735668185543 
487.1119495282723 755.4331815630104 
-239.16106099881551 -353.8176229125245 
-65.38102398567025 -211.74970459583432 
-212.84536523708232 681.4400225943191 
-483.8245132941177 -646.5174510665048 
47.66921624658349 -985.7369221762256 
844.9352617996484 -173.58821037097428 
-30.838882134775815 -992.4408075759596 
-561.4343863981032 -607.3531211637344 
-672.7769276733377 -199.1302870982956 
5.133652448166659 328.84319539649454 
349.2082231267257 -17.996386499466333 
958.9936478235875 889.9129291417929 
-470.4412439280043 -716.4946366286813 
988.8805376441207 -47.27706005621957 
-880.3620124673903 949.5194519249876 
124.43917144897321 313.45705934919033 
292.99896415947126 218.62780391030157 
-606.1591869226644 240.90198439307443 
18.548828265460227 726.9000566518133 
-265.6708152145586 -64.51769658418117 
496.08952081527843 506.4826313954809 
-24.06443469604835 -740.1128599164184 
-856.9555884930118 -238.0162098541614 
-467.8376789352274 360.8302622036885 
-126.68350378766257 -182.53524047698 
-426.29406074025013 287.1892296094325 
625.261106904538 529.0837971108992 
-636.2467832711714 -158.75366145541926 
-644.6954362689374 -260.51736760363633 
924.9216241227773 556.0586582790181 
-325.43071362470613 860.7092348031869 
310.88053702653906 901.8499548817698 
-149.84679317383765 -892.5768492829689 
237.08990706803968 659.979166444552 
-570.9195398874982 894.6038042364737 
456.9858212493607 283.2637598750327 
-238.93160965027715 254.7886941592734 
-361.88475487041785 990.8308161679893 
910.0602103070454 122.596728164442 
399.0730594828378 -812.0137216619943 
983.8723253099693 743.5730416631205 
114.08862471771353 691.2084395298106 
930.7636088363176 -996.2429288078689 
390.36799902191575 -889.6601123385628 
104.27037206773537 -193.12872105994637 
994.2973652079303 -479.857181051496 
-354.77007175322626 74.41441248516978 
-382.2101259782631 604.1423535869883 
-447.6500598884539 206.3827250432544 
124.6565412296965 422.75629085314745 
868.820890985575 -893.5140945742083 
237.18448245880518 -597.6123296026425 
-425.47403556789476 -801.9920669808669 
209.59716098621018 -554.9985899184096 
614.1453439729099 -47.591063133196386 
-306.1173920102684 -162.04624123697764 
269.1153628735865 92.06134405973243 
119.07535931610246 362.293507583628 
-774.707094143571 992.1152866900285 
-709.1278100095193 -957.2673186105926 
-850.0220432550052 -259.09968139462404 
-127.04084942467242 -778.806511313669 
307.1675051486673 -184.01418288134397 
94.55104595770192 699.9825077189607 
665.0715606150885 944.1125528992598 
822.1224612578563 -154.30734972192184 
753.4844894209451 -179.38933172939176 
259.02300565224556 -678.5080601659537 
250.93572496870098 -31.141202220244857 
-612.4397609954264 -650.6322579733792 
-634.5675524121655 -995.0279827846549 
71.59173615868464 502.76048433554024 
45.56220537790834 -977.1757430782886 
481.22383630873003 -724.1863377015937 
-468.3527807361487 246.57136837631577 
131.08240988187768 -894.570510138884 
-945.3575969951773 383.8177837157406 
607.701196802858 509.58409519050707 
888.4034211895802 797.0208114589266 
679.7879840613663 521.5721127888238 
-377.133410487942 -415.08784313758326 
-220.7364430158676 -923.2923546428971 
-66.49778916864402 255.23482796943654 
343.3116394632947 412.70155504458296 
946.6137900108973 -965.1839661599765 
935.4042623273025 871.6188949863988 
-371.27547690111817 -940.6993395848926 
713.0877155741839 136.91966780635246 
649.7891676254042 241.9591933259808 
-712.0637165869304 -321.130871888931 
305.1388431476434 -172.87710801823164 
438.7831426511386 -501.1027993236483 
-692.3654452060981 -414.2916190334878 
979.6001617875563 618.2859333754418 
702.0907976485305 -651.0413298471598 
869.4028057811352 -708.4832910387047 
521.729182712247 -857.9716110125872 
-86.06127431134448 -628.2842693861841 
-331.965359979189 -366.6273305930734 
115.65647748038543 113.41993645658177 
-384.52968363897753 -880.0886578468456 
516.0616560881527 -478.26838622437504 
477.21519884205964 -365.9636967104856 
-188.2622200034596 417.27483516177034 
-305.2628944943849 641.934645973714 
-65.32628142172014 -229.58247239684115 
-438.6037788715018 78.73003827938606 
851.0579974999031 -613.4351611740456 
213.32725575180865 374.9346619275593 
914.6663512670523 -386.95397773058727 
-626.2596939817487 -533.4390060370207 
-983.4069786156318 215.4514564696326 
519.5963874757614 -221.9806724971911 
923.8778179931988 -438.952240990871 
45.859148956986616 188.97966099177688 
602.1654082342926 -170.3391506258547 
-102.1270578903719 808.1611492227969 
-545.7185744597328 999.0012582647105 
-725.4959878303077 -310.01133514319923 
655.6701552181592 383.91378161075096 
823.2560910695244 787.0463041852549 
-914.9032822863279 282.34811807009777 
267.86000639192076 940.0148401244011 
-439.7753016445207 232.82142317682064 
0.3689054607920461 10.307979425288272 
339.9902683383511 -576.0178794530116 
808.7190421602701 -289.6612173473445 
43.047571517041746 -367.5367380738366 
-683.6906643304955 -620.1050224031319 
-240.74833176392852 831.659390253358 
187.36630761782536 754.8364026047343 
936.8629890021292 547.9699619764223 
162.853637996095 -887.5178477478083 
-154.1094429040315 -848.4106170700345 
-958.6209182603199 309.9818170112265 
-20.20849832056637 510.4562328759001 
-177.04204916870347 219.66740651771 
502.8039357861067 857.1712318006464 
-233.95944733736496 822.0672193387863 
905.856592036227 27.024657306304878 
-284.7976263493046 897.7371586212101 
33.82097668314099 93.20310005486965 
690.2500981187744 -332.8721932457319 
-309.16176558555384 619.3225910266358 
466.8917708489928 -931.9846525429572 
-559.1783004398098 977.7398216874078 
-953.2497368123436 -649.0294750314973 
178.53362653503302 -255.19533752819302 
-336.1343264136869 620.0570712022237 
-157.39176736130122 359.88083468132913 
-807.9141214107916 317.61805947201884 
80.8502591940432 173.02122079219927 
-721.8252485507218 -408.90767029027455 
727.3987845323924 -229.49641757549875 
-146.9867802295397 -982.7877910013502 
904.2368894975701 -790.6214169613173 
-271.7318965843616 -789.5979327384144 
384.249582893456 -440.30201319921616 
-244.5278372336608 552.4444029592411 
935.3854343742282 88.83121112024229 
-297.4427691168955 474.8665763015103 
-521.420862143968 843.5167611522372 
-346.39721594710625 -206.36092314425824 
932.159679894113 509.9172482156398 
-991.643807823664 624.8084441637166 
524.4730083997946 -671.1476107832859 
-381.14981947304074 -755.8502000904648 
146.92015627770738 -310.56163778402924 
-607.0932852141498 -771.5323890537919 
-672.836627455595 210.6606022619486 
-516.0373728769016 -142.69211599146536 
812.7408233804239 -916.4628005294746 
-728.7572040521318 161.78048725897898 
-104.36241459007145 -311.80630281118636 
28.775897277667497 535.6387474566659 
383.7927385618127 -757.7945170211198 
883.5179187774995 49.81095891717202 
-270.4010210437471 -143.8788884325606 
-208.09186658612043 547.3585035333579 
301.47580678218856 -294.5960539429875 
176.32712371209115 632.5312248751865 
-127.78741738733301 286.8484739559465 
-710.7988919695556 -542.2784502630489 
920.2813441710953 -623.2698186401337 
230.12685587645777 951.8310460088031 
-256.02066531580283 941.9471486019218 
-159.9877941966321 870.5999420045158 
111.75281163466222 -610.2333606063432 
-682.0387106322992 -527.0432247786176 
609.1462821870448 675.954782501287 
499.2282354747968 -971.7126831473026 
23.503444975001784 -437.3553683855036 
-505.64275238731125 -66.17553469066296 
-427.75827504164664 -263.215759489132 
-871.970729249055 982.7258461908566 
-175.03659998374155 204.75717494994416 
361.6649567542629 459.7973581593848 
658.7714454801277 99.26668209060185 
503.2682612792725 -394.0364952720721 
-511.43557380466984 -243.40195501845696 
-926.7979779762519 -175.3639735880481 
-609.3265043742664 -612.7088554721065 
-354.76081006711604 -612.5542329882803 
773.5604556906263 503.4482889305805 
-11.99915732769119 243.65070648023135 
227.3901598941306 -369.44393925803263 
-899.1785797280725 802.8134561580738 
197.50433403626656 16.240921180954217 
694.6086073250073 -774.2847812757769 
-217.8821469165204 -816.8541598540243 
83.06287018631852 -502.4866274576285 
562.4411883103824 167.1512970725968 
186.1891004536358 -465.1293558823437 
-806.4418945259187 538.1396884714001 
-38.354905635625826 857.2998281805621 
223.86455695580665 -961.4371015178589 
920.1681375687963 705.5949215144452 
592.3731946960513 -96.76730062399153 
-899.7508600541229 440.9946426505058 
527.5311293363096 -340.2922886227695 
-747.0936575202219 -403.9471445520932 
-295.29059045266126 312.43886606878044 
-153.37369388967304 737.012280588584 
-667.3428051123267 988.3281264853265 
401.1787152633248 -204.1492987734179 
-516.5451387746463 -645.6836754940521 
-672.2388224442121 257.2468183938834 
375.5023573736542 788.0280305306615 
-398.80414863435345 -561.2744042673293 
166.36599277080032 15.329126919241931 
3.414101868012276 822.531966463059 
318.2246849280963 488.0514466138637 
695.4018290195758 818.7486520856435 
888.3923519268453 591.421956687322 
865.3886366440064 -183.25760524815516 
-201.78233822801062 746.6942303451272 
732.48874359266 -464.23067469813907 
498.92098127478147 -515.2220320630332 
551.6844783650679 -971.3031670361147 
-840.1042157638266 936.2409676481811 
-737.3016130758281 -23.436644046463062 
-628.7580220575824 775.6815579594063 
745.6333665480153 584.5856474788769 
-643.2976207110821 -996.3377719500423 
597.7742267357206 397.5649941226287 
504.4556764614818 -803.7573252432528 
-12.29598400263665 -353.59039264763027 
231.23874932799527 -581.0668848519738 
74.54549802144706 -143.67794665029953 
226.95979789502775 -944.5638287963516 
130.33491653854279 -194.30640445803692 
-701.3190818301731 -268.5285056279618 
-312.4570744752695 -805.2875816831231 
534.8704793042072 565.5606196312641 
-315.0908370163257 -387.3041220544338 
24.073550829278865 -777.7815062501585 
-973.0663861069548 46.96652299489279 
-307.09451011261524 333.5043969418694 
366.0112517140801 -964.4829116875607 
-467.5249172448135 -729.694069296103 
498.9300864502633 775.1560962215756 
-664.1435671398434 -712.875171080056 
-459.2167020363183 -663.5581718784924 
-253.394862846551 251.47928037015555 
959.9189178849928 -75.47102825927654 
-673.0480516693062 -346.849337813953 
-289.83891661987604 748.1622272007334 
-259.7224711325856 89.02198030205378 
656.5169161111905 -257.0866955162554 
260.9563897154552 730.8551234380895 
-286.24607731828064 145.32014934346327 
100.85826465402815 549.418365921704 
854.6116892120092 616.8477681325888 
-904.7005672961654 -971.3789215955768 
-539.2918478991758 -703.6723795713172 
-891.4327190153261 281.75669425696117 
628.1211830925932 -844.836203276233 
-731.0261446827335 -952.2856040992751 
296.70498311265715 -649.1435807269694 
-161.9843343055678 856.0571120018368 
-138.6931135996492 396.59915145874834 
675.7481899478188 77.47264424873568 
-176.42115685710192 -64.80143698959839 
-590.2736755545053 714.7264742707785 
2.6165232729975507 -300.7107612353432 
-1.8518007193757402 -202.63793962131294 
831.2100812653755 172.35339264126014 
793.6705308538285 926.243799612088 
-272.2894752703171 635.3100782947197 
186.63865729334938 -205.44490888722922 
40.89974529046159 -173.41255997728422 
145.5348015072395 -570.2944317101603 
-373.9577903680564 -538.0515809637616 
-402.03278415784393 759.0150332385348 
-620.5730236174189 331.93024227483426 
91.3262949381961 -273.5968644175033 
-766.987340372155 307.66453675014003 
-212.1978914642637 -882.3509807179071 
430.253746122903 -154.17814040734788 
-945.831285514993 -980.1077031311589 
-514.9224929867593 -219.17177931287733 
811.1472664908644 -669.82578996995 
-56.38201523865405 -732.586775318234 
-357.29375783872854 951.6282435303283 
-590.5553179247032 251.72449954738684 
-336.5118633072191 -998.9925456855626 
816.323574223156 895.8432028876233 
-198.47425731589308 653.0128087582569 
-995.0784261097511 513.8930398732391 
857.3815411261207 -213.37458004298205 
-962.6058911170256 -422.1543990300105 
129.46630295244478 685.4408284172999 
134.836111125042 500.2849216665868 
272.6684182062511 790.8963560382882 
-316.8649837810622 378.98753066768865 
622.7283527642863 -567.5220966441412 
711.0337083471414 881.5880010296289 
711.603512240537 553.5419805814181 
536.057866972365 570.3734441334462 
166.25859252175968 245.7684854773672 
-451.3822266272465 322.7083102113693 
748.5898194246589 99.12921308189149 
-662.4784431387695 140.77954343833676 
-921.0450282280001 73.52870845034288 
336.7491973022472 572.8065605633296 
-638.3623314040841 524.1725817584999 
291.4022082835759 538.6835970247115 
-824.5497615831567 404.0197747120324 
-485.3482029963836 -868.9230567270243 
-617.6825495181457 159.62652913007182 
290.4051346861762 -664.1768478265531 
132.86561098582527 327.27764390452154 
-897.8673046978804 309.38524908153056 
-417.0920044520332 129.47094399429315 
-706.9700466564584 19.636937851693403 
779.513408884021 -252.5254099966232 
614.7249933321391 124.55629230956289 
-602.4450023186121 -564.9102106859012 
268.15240925085004 -584.9053836447888 
522.979593223974 -758.5390605776206 
-220.4499174830845 241.19015079702777 
-695.3341854887012 -484.94752193282255 
581.7172876136425 -262.5059194573922 
-879.142447610111 -304.3743897986675 
832.4195814250894 -677.1466493705392 
766.0666667458851 -181.11833762675977 
-960.6562968583343 741.2101553504142 
-221.99411824167336 832.8977938941202 
730.3859537061135 -205.81469722239888 
-472.7405411527303 -133.99552290619533 
865.4380137085013 -483.5076856550222 
-479.529819019155 -838.8336298503385 
-762.7095242064157 -367.2044409568338 
-432.3526239877278 -889.2517067181891 
458.0749090999838 857.3107885283133 
-913.13661213441 -444.09464601408865 
965.0224964361983 -86.61172303667075 
-831.1055312244897 -995.3882503723223 
-887.0162515813691 849.7384237123165 
631.9426217794584 361.4180996722891 
943.6341548170321 -242.7830769830812 
291.4354164888417 -995.6319515249719 
58.754266198255635 912.8976751950662 
-147.8013143062582 -192.20177597292798 
970.4229955321644 -894.5086962966795 
-270.86789346077353 680.5351167877765 
-511.0965343728895 -973.0204951970376 
663.299820064851 -345.86976562783644 
-282.901681305781 -691.5402834528568 
877.8958758173592 -425.51960063221463 
366.3426222022497 -586.0599792744068 
564.3251788743191 -535.5832983638351 
510.01110167576513 374.1642503592888 
582.2486612701581 -301.4199903281598 
-280.31518118190377 227.33898477508617 
404.51028839271675 674.7592702134586 
-782.8609557922956 312.5598654760544 
473.3972757670528 354.8532756190974 
930.0907693787941 -837.021387251915 
-162.5594727208941 835.7333221795113 
576.7407181054667 -266.63787368705226 
923.8980441173165 -531.0032087149879 
-291.1470976358601 -699.994397812701 
610.6460384624171 -588.6490656736759 
335.4014416211859 388.1463334297652 
-928.1684207276577 899.014375624714 
275.7551001550789 -479.3288747587181 
61.6699019383502 -886.046473581405 
329.4319734256814 799.5127814437026 
310.0613211081553 42.48897454986822 
569.2124942525846 808.6103743137654 
-862.597324501231 -34.97933112873541 
-544.8817913252873 -361.0854657652669 
213.49864966907427 743.1702049549906 
182.4608600922639 602.417102414049 
-98.42103102280531 732.2338541874905 
449.243714275527 11.033318245414092 
-782.8521279294747 437.8348260985905 
92.08522914481665 775.2898204751091 
568.2371432132855 -494.3934885558858 
-134.23993144781042 387.7021985903255 
116.91235103094976 -972.3921529096615 
358.0661109434076 -31.884041085403325 
101.46197861947437 -876.0460871221704 
-178.45855014757151 -53.24769293078613 
819.0177705223736 779.5972263249112 
389.66963133941056 27.73777184437143 
-479.7192752132118 102.58221187277749 
184.82520225348088 -93.17681061163574 
32.80453844437625 738.2632260579818 
-712.417940553533 539.7924329060957 
-792.7935920550495 537.0751776360312 
-566.4988515926508 -318.13620335281655 
-500.2666246164993 -814.6785113978059 
-184.1893483766992 -3.0337040629562217 
-334.626429078843 -941.5767873146028 
377.465140631531 570.3314020306993 
598.5997734246387 -466.6265460805614 
903.2026586909825 788.9333519685669 
-743.5920784153991 557.8261250630434 
-391.2205955374242 -318.1199212402339 
966.3070698483533 166.56749790369352 
783.0885718629193 184.8075103062945 
-884.7474574892286 314.2007809866045 
12.433083916424392 759.0781378451694 
308.5646478605517 -156.59156039115717 
-787.5144625338772 -412.1758562579525 
-898.7459246571417 91.56512640205827 
764.4056805643143 -840.9616575202765 
-64.02930635114723 -805.755731295501 
-225.84000144759963 -145.01939595975145 
-917.173971815493 -964.5695068786196 
-860.292970812327 -565.3577860704821 
-865.4384656828981 -773.7115136673008 
701.8290872408253 -877.0398970404867 
5.038904081619444 25.820538137889095 
657.4060027997816 -946.6976002546824 
185.56831747376413 -339.122304478872 
-850.241408012136 -629.8663631137694 
-220.1818894246379 960.0024260443519 
-24.50928737227498 -268.73982560374344 
821.2075170026876 -248.84139782534766 
649.0358945043047 69.68554539212657 
24.47047013570547 215.59570056261146 
-764.9776194236304 -856.5965444591372 
876.510541826162 -64.25898076645976 
-289.13539405434994 -365.4383524211335 
386.5427552515892 -442.84150892545426 
-385.89314657074203 -473.2503019970964 
-30.608217642525304 849.3025750670746 
-614.3103184452506 503.84444067085445 
-914.8875007664515 -940.6628769092002 
68.40360987397531 881.430572804516 
-105.66971503636191 831.0010949368504 
368.8082897184677 564.7416236198495 
-816.3753180973265 866.4521690812635 
-500.81346500524427 231.89767816271666 
-943.1109155629475 -568.4518343004174 
-4.8780302899607 -98.16487690072506 
221.33148800380198 -945.8750119743742 
482.273114072757 -541.472908400879 
-44.68761988690684 27.557684119050798 
-456.4391850267164 596.8575144531054 
820.9680146255258 837.8427356131937 
-717.0843870536801 154.9908888378575 
626.6725004885296 -442.4830036739555 
240.64185935774418 -560.6165015313995 
998.0794425239048 -395.24093271962937 
241.7839202495111 -350.07956187374555 
120.63019604975023 644.6851995362877 
-852.1508206928028 -421.21202124959444 
387.55957220266123 -337.44678676843364 
-102.34645028624057 -880.8118291561169 
-65.35254864815809 75.57047773526038 
-239.34784724243084 -657.1513661266184 
-409.66636738961836 -979.2783759645351 
248.5344044853821 962.734200365029 
-134.5900418803616 350.2435510383579 
-179.20765215292067 -639.8887491191767 
925.6106141242419 482.54848779614304 
225.9283533558165 -67.72065633021174 
947.2923220486018 824.9824693639554 
-189.25873922917557 793.3301936257349 
942.594879575195 -74.152317406748 
189.7618917290631 -456.3607074611547 
629.3114884800985 -419.92710937857834 
-543.891083101282 -829.7821567518811 
42.61160053976498 -99.99924577014063 
-262.8163555064451 -214.7359552405652 
-124.87077815554115 625.093020523831 
-569.4841228157013 584.2795804206156 
-534.0490674372343 272.5028669360152 
86.35634920149803 -530.8847329164956 
78.43961845150305 925.5020275276404 
-139.35257810773714 -443.62621376718823 
-786.1429093507835 -381.9551922745539 
583.4006596435704 541.9342496929909 
-18.148667928241437 -895.9766369104569 
680.3100451971793 225.27650763371088 
-112.85401036077025 -766.1986080923368 
-389.2553407979087 -953.7106743516739 
-281.687224187382 -180.7013011370233 
452.3574747869672 -537.7222961024866 
-927.2809144104089 267.1100360218237 
-574.355804465309 720.1778710978624 
-827.4493686337076 -529.0579744974307 
868.2771320283503 -786.8563443450722 
415.883442233163 671.103797630274 
-522.4600456989075 -950.9493305718763 
-727.1464986894363 754.5040829560254 
110.88049317762926 -426.18975815138117 
218.4515342291533 480.6396622344515 
305.713016567472 -624.3622136267837 
-927.0828642346147 563.2507692420401 
684.1676400873513 872.3743661761023 
347.6073475591268 435.5201810520308 
-161.91771629471384 -660.3844031670201 
130.96952354500036 -443.7444739090284 
786.4523868039462 -921.9817950931206 
-712.7486488317722 -757.8832742917025 
-674.1687293542458 655.5373059824008 
-814.7095824086124 -999.8390464468118 
-670.0620684062606 534.0697774316858 
-831.0075283245682 434.9988390784301 
11.428981882675382 -245.27708194211462 
-295.4877745818896 257.13453752308067 
139.34994919495858 901.8117448691252 
985.6126395707477 244.01099423852912 
-170.0546334079309 -565.4040455707461 
-337.5567235189685 -545.7888385767919 
686.9172013886893 -552.1906072100606 
714.7489903193693 661.4117592991109 
685.2121461004378 964.8970250772526 
358.8015613750033 -107.99617251452153 
-520.8661033959689 564.0051872175658 
199.7124574265823 -643.9470433798701 
557.1626435615558 -686.534001823416 
-841.2594949165065 128.17867230467695 
-529.8049183366684 -185.58731987627098 
-974.050211028595 106.94612344212251 
-336.180840709408 785.6000908070746 
-160.4680107077483 235.63065705706742 
-350.42710342328866 -464.32989607658914 
284.74519319872746 -618.2913655498545 
-579.4709492349863 707.399567432847 
129.1877762704956 129.62578832300852 
-296.7355885324887 89.42776623720184 
747.7882313756405 -828.7977680920367 
-585.6554884949475 -612.5246052137443 
114.512237158376 69.2608779956383 
-42.89069890533903 -799.1620327727584 
-210.91900048736312 653.892453902577 
-659.4237742356381 -985.2910080174229 
-541.127087140578 850.3542837165414 
885.9602982760766 269.5085078033428 
-945.19934678081 -405.0714905473243 
-549.9016001925663 678.0575587270912 
822.011564387648 -326.20413630242285 
511.53605474017905 -499.18942039658566 
586.3802359043193 -609.8871198283955 
971.4432710638257 911.0925827533493 
424.7029491934291 -306.0845573091151 
-338.10011082072 537.8855615530429 
-683.0780376358309 198.4756459728918 
-997.3742973185165 811.4390972632999 
275.32583058210025 156.99529650959198 
739.4512205193226 -80.31298648507068 
249.8562488686027 241.84370507246467 
-281.1997296935929 -782.5377036276111 
230.42187589849527 1.0430323602075298 
-955.2960708092651 93.29335306940179 
13.055727594522226 128.27888350318827 
346.73258302162856 24.216776422845363 
-139.30658846179855 620.8614307369904 
561.500876566021 -833.1127361743589 
58.53303236329421 -533.642055742884 
-221.34366029422426 -419.56365810355976 
144.7219138134086 462.2668236644418 
-315.75302157391104 469.78845811547365 
748.2776685576924 -765.5682940149034 
-494.03310965830326 -431.9494098687899 
-248.3406278602758 647.5556570532042 
-248.39036152502536 -330.6797718449832 
-966.5531294792504 -466.80903322996323 
593.4824460427699 845.0607580611485 
346.22503939065587 -828.2007861901568 
-420.3643772426711 -152.52733759744496 
696.2247701367539 267.4693264169299 
470.9637318619926 684.390969531462 
-693.2605939435308 -956.9752395094932 
15.303559981015624 529.410874869267 
346.1336866711184 -657.2661538239106 
-137.36494122076647 595.2085276982652 
613.3832385431672 -340.5758786300706 
110.21090167254455 779.6624594152765 
-57.841506385142296 139.11032612806196 
-69.11634569429293 -996.9700544119868 
-291.7749296777579 34.480908858468325 
971.0518712814213 685.2091247418685 
-10.48186541039553 -349.7492522747654 
-332.86015925927416 -199.54673898748342 
931.7607352505945 861.204090345804 
-75.56382977348352 -469.35071298453556 
-75.39126433775611 879.6022833491705 
183.81478024782982 209.17256372727232 
-472.8714040168822 -163.2057514095535 
-96.52675470194039 -549.6797418328872 
90.19326117279935 245.257676019782 
955.8113783333972 -394.10225990181846 
344.5340060252435 926.2065791432468 
-563.4154855538553 -309.29980929009116 
355.03851748755346 397.4911660977163 
-870.5321044313383 739.3246010780541 
327.74719367496806 438.19763599848693 
-704.1874435821829 -700.7864404355835 
-966.2586827936299 164.10748331862513 
-988.8212343615875 148.23146040088986 
656.0505471909775 -723.5564098294811 
197.973502970352 -619.896998438269 
-687.6450768648934 -360.4469470908556 
723.0136597584949 41.15304041152568 
361.5403162288338 692.7246648220154 
-714.6915868438671 -120.81644101161326 
-88.99588792390323 -682.8781519783864 
721.2719903789848 655.8241399433846 
-772.5547035134259 -73.98653371316554 
-532.6057958157824 -249.78029431979488 
373.24540989027156 200.35567286515808 
-52.7680906878214 349.40400401838457 
-96.90685126360864 -806.3520256142218 
-548.8604518417843 -28.65324635720623 
-556.3671542737143 -741.1567497244478 
-221.10250939308872 847.2644802644485 
40.184520723391515 -811.455491310712 
4.056452573900415 -287.009284675392 
597.5848272966513 -117.25425621362918 
-840.8297497199659 16.255099409954397 
-317.0567317266846 354.4054960566694 
651.1543256270924 189.68389434353082 
-462.1109255648552 475.7674174702937 
211.8304083121778 88.38315039925249 
399.4426957588151 580.1277494374004 
-17.471044700242633 58.882238914747866 
-125.02084002216395 -451.1050319720933 
-176.49144383247273 -661.500673005313 
785.3873524908183 414.3454853515254 
-885.4202130210298 -293.45438407467884 
-305.9323842902899 862.835985068096 
-616.8554679354477 -375.9142155894122 
-391.1151807125268 934.6462783243494 
-504.57467385230757 -343.0875824578545 
-17.012342342958895 -866.123366924626 
-635.7594463478005 932.9500376514932 
-87.82601216827813 -86.29711812715301 
888.756991768487 405.6231091422142 
-511.2890500417737 -559.46190617126 
-717.5867915522864 547.1348510677534 
35.320421885532525 -649.003139146555 
-93.05955858439651 479.7239080019715 
540.3912913726463 229.7491285505895 
-641.1645916497033 -740.8624613160054 
570.7713011712592 497.32603486261564 
925.6103310722208 -657.8944491434484 
-837.8018774173635 -323.4894933836219 
-81.63919606461522 -306.93951429999623 
155.78376020811092 390.52210204582184 
-730.5374716752888 294.3798861659035 
840.7442929542266 -149.34681956664608 
-269.85000908972114 388.7203120906093 
215.32328147170543 181.87425090385557 
-70.64236245706579 181.66117106007172 
120.8188383542621 848.3906445706496 
483.9614562631995 -539.4355516452836 
270.82384904189416 -16.971391228534305 
-496.6756404078836 693.3010468042622 
-319.64647949701396 852.1870032080557 
-701.5005222354338 663.4993478014943 
195.62770662581764 -945.2095485105774 
746.5786802670864 -546.797302300769 
415.7205476286856 205.22969225495459 
-731.1280535161646 558.5021134363312 
-248.71880796493096 -794.1844544422864 
213.08507521403232 -615.0699963171991 
-338.0886744195228 318.7785304647293 
-738.7440658810654 -671.9166583286309 
183.66760454769127 204.1184899790105 
-633.3400102833402 471.67668256202643 
99.41463599819112 918.7091681896575 
116.16572966498673 628.2533291631305 
-427.4904912279831 -666.00672527456 
-281.20455764899833 -530.904774192412 
769.9516038684706 -651.9456742710183 
-237.5632118337898 -33.25177474776319 
248.70886576545726 -932.7269794356691 
-124.15082768606945 213.18394549411533 
-692.6740294526321 -885.1332189471923 
-573.4209233913818 -978.1874926246724 
-316.3936016849813 812.3101960137922 
-47.603651175963215 615.0424790071571 
-97.89044959409577 289.01244357495017 
645.0302896418465 -926.5420672096121 
429.623195120558 5.475568733513736 
-190.31952557142674 750.2846740080453 
891.3000486140155 -586.493986412599 
-693.9089849589777 698.6912613746758 
470.4226089754946 708.0689153238999 
-708.3514305841323 121.97873406748184 
266.6254309059961 -629.8603751118612 
-293.05298762907415 -204.00069375470386 
275.0849793181984 -148.7614160104853 
531.0622771346924 443.55301368362854 
508.14552301306423 -29.5754610602037 
-678.9673807152046 902.2916626980062 
91.8403467670048 109.53448934805743 
-938.4347532783013 29.40611513274094 
-822.0217905888991 -48.2441790540864 
-454.1163133155126 577.8206291689614 
-885.9703468400297 841.2666007634871 
552.5921716073634 819.7551038810511 
458.74421735199934 -995.8785328754944 
-727.0829361284455 -143.15078264306203 
-437.3869763809679 -830.3703425272355 
629.8240168320559 925.0576251332124 
-210.8793528566566 -814.7695571630474 
-979.6956288938372 661.6796905685078 
-969.4600735431487 2.38320106996337 
-139.67940168466453 28.355050191812616 
-31.618230513160928 -799.8628785667195 
-653.7693833055085 183.39508808205252 
253.3126697189767 563.8939418139374 
-946.0246236140581 859.1724565367826 
217.34888250682081 784.336452945471 
650.6253724429312 718.582152333398 
15.286504813055268 -220.33400309232465 
-781.3777188851736 780.9767451386733 
-657.2755893786235 -422.1655617257223 
0.5153166165403622 -596.5175553395072 
-947.3465452145981 233.30780419778253 
242.23048362248556 -319.1814108740267 
345.33519227575704 538.6803306474346 
782.6780450377881 172.94041002032046 
-459.1587360934659 73.56174839432961 
697.548627904228 787.9942177381698 
993.3241564411619 -109.1062213741687 
-680.2418807036053 -806.5194290589615 
21.969111154768406 90.89346512796337 
-249.75544889829115 -500.18578829791636 
54.49767511489512 31.51762803496716 
742.2207123147275 -742.6932326465947 
341.13447243412077 -473.70240449442827 
-863.7779845838361 697.3370433780927 
977.7957101364685 49.848159291396186 
341.2218215869016 708.7246033605869 
-713.830985949824 564.3815644083996 
-689.9698345792067 515.1146279400342 
-958.2322174169188 -643.4554138390142 
-630.0037248957495 494.29242143050067 
-100.09130588060833 -332.34894876874034 
419.38848192662005 -40.71317644929828 
-695.2588802764412 916.6784514200103 
924.0574809678149 -602.908368433849 
558.5109191288859 669.5518453754092 
-526.8861940584999 -468.24639564118087 
-964.8182026999594 163.0064688236361 
-245.80974064289873 979.687202992277 
826.3922074613099 -466.10474377567135 
817.1154762671263 -931.0985185804179 
452.99987472338233 959.114782808776 
-817.1627061073148 -125.88397812249674 
-545.0465190215536 159.72743764363196 
420.60413363662417 -728.318828035722 
-604.8781630651978 -198.89568398321077 
571.0774328276325 -488.4087916621274 
358.5185788063774 154.18911886220243 
979.3761168040307 270.7315693830359 
82.9662971849725 549.1594219412718 
-111.59642605640174 -334.72999962516315 
-523.9319086787985 -566.9454050226482 
-195.3657729504925 -29.494224674045498 
190.63728887995168 -760.3441774434636 
173.11984959929427 -251.29421918520634 
913.6129785240377 376.9714018506776 
96.24312277267589 210.67152602982864 
-329.02817095420755 551.9954110374791 
806.9081725990823 244.1440145555356 
-127.11502287352717 520.3602321557856 
184.30775932459653 -710.6491798213173 
-226.23683587004572 112.15787603345473 
-512.4861289558078 -921.2493913572446 
513.2224093440325 -723.3118055760827 
251.7175584757192 -736.2555329140339 
261.32769739708306 -886.5931179375925 
-970.2933082984347 834.9447529138494 
-757.2752159761425 -853.5925655798488 
-669.0601924930279 -393.1868465940325 
-738.6552744925203 -885.6665144552303 
708.8665218183894 -741.4703288699349 
-461.0605576237683 100.20002261399608 
-477.33019121611295 -435.6834597836068 
390.0924139269357 982.698523841773 
-156.91731203806648 106.70616621671792 
502.46746176715027 -374.4588991317257 
48.85675606111906 303.1337565762706 
-611.9605509429848 43.74646959303941 
924.1259945037783 -25.4597942193151 
-838.3804572946241 632.3114592834871 
-102.20371010219176 737.9476851319205 
297.2214277454375 706.4316739488114 
-901.1025760488709 793.9467414456301 
-148.7709851475516 -472.1029124972751 
242.77519597504926 -902.0066728555072 
-156.1917307892997 763.3154843723911 
-443.33188167229156 -275.2311787025346 
-146.6109588549054 -597.6169396457243 
781.5786305585237 638.3610726291098 
269.78369343460804 575.6787420418466 
-330.0071237405631 -171.542357231816 
-934.3741596307649 -360.5699530027957 
-900.3335363871649 803.2754572685101 
217.96262765146724 871.7210427612838 
899.6250532010699 -15.42442320646309 
-475.1023261283609 873.575706064152 
-280.29244902261485 851.6537364509448 
-840.8470266930681 421.2950792949308 
51.17576546301827 -268.0281837799827 
488.9011390318965 449.00664394864975 
-446.1259245824396 -719.4501205326087 
652.4467940735203 -510.4816876798752 
738.3922445606679 234.14304769367388 
-887.7646501896552 -412.51835875787714 
787.2218097185555 -352.5933234976819 
759.5969255073454 -447.04434619753243 
-674.3570465207405 -859.3069975529842 
-253.40217027863 -36.69302528666862 
797.7688501565281 43.74383189296394 
-199.15137873238552 966.1772846376839 
243.3217417720397 144.73265301843142 
-500.3333404340613 -983.4481657080312 
-848.2286068538534 360.5634917205485 
-256.2306918594932 338.87113670146783 
-811.2107901787678 -987.8607474356631 
238.40564433684963 -730.4477163480649 
566.0490787348658 -125.19786428623836 
-43.77527082250876 -441.9335323411182 
674.5502783242938 756.7996736391982 
-124.27383512988554 722.9667933249615 
-635.0553772588778 821.6154260431914 
-528.1275327131441 352.4462812057323 
666.2790186131249 -441.2508308895795 
681.7878062068792 504.21725742901293 
64.79239179759655 -94.76109355245832 
903.399563300052 606.6401106734496 
-129.4354156472901 154.1906918759375 
668.7140033967557 -731.3768514742352 
-229.32590293655798 -743.7678322359083 
387.02537030757946 -203.76233281839797 
431.5558021192194 -316.5652391541056 
653.5144213096007 -858.6889537963858 
-693.6597975393377 -415.3625041492992 
-815.8878293802279 465.98586760539473 
-6.58061963112333 563.6304958931732 
820.226310281777 -34.36777743207453 
553.9858936547665 -731.1696237348832 
399.03110536944155 12.599897792930692 
-652.8446045226021 507.81863685629116 
786.9939379529267 -470.41922367581645 
288.0518422305107 -188.39657407814036 
-539.3559057332171 500.62007217135715 
-670.376607528113 467.4266731431711 
799.7001344833128 -486.22058315476636 
-497.1396064805804 -783.1468727534008 
544.4258445982722 440.4985895735003 
-234.01300376966506 458.26185636033733 
-112.5170741293573 348.51101960726163 
688.5778787471139 -873.961405324148 
-589.9265847816657 909.7780528280339 
-930.1447270698812 -571.3519848936623 
-232.61910026663958 -536.476038759054 
9.902799993084965 642.3027124757692 
-883.4736480202994 -299.013860194421 
-656.5877482239353 107.08295072046647 
442.5967067468626 -767.666728569929 
408.1033549475177 126.18905958200499 
596.739011018538 878.3563594658033 
813.3900310672326 -892.7194141181034 
927.845613964764 355.9602375259443 
673.6323086316984 -674.704465769431 
-139.130543092447 636.6852763317577 
-96.57236876041276 228.15503666973757 
-497.0984627682662 900.9497925590678 
-497.11373369047186 3.8077639850342404 
708.6588138257215 770.0354408515179 
-669.1678102301914 218.64397232016807 
-573.6365779533046 -338.90397407506856 
715.7586382756123 365.4140718853984 
975.4409592597051 -614.2463907384623 
-112.34736680020974 764.2933181320615 
277.48541739152733 -869.0697355388311 
-905.3329101069601 16.067152064949795 
-581.570044623916 415.1696282379274 
60.975464591973115 185.42483883751126 
-303.90490030608254 721.0454544863927 
293.0719052065041 888.6807246979957 
-926.3318399395837 668.0189402476547 
-25.745653065105678 -193.76324603813822 
-799.7882835372745 -465.5265299187599 
-491.51752607537304 198.3796334612684 
-898.0582184024519 376.76616741194977 
877.8889554517 864.663807696638 
374.2577211612628 436.1716353521736 
232.57632282742358 41.02202697439261 
464.50173362636036 -847.5422228684481 
-336.3112085611284 -337.00552654991924 
-871.7919755509384 -980.3075062562161 
-787.9652804294687 736.8998841309575 
-796.9509801881038 -406.5468612614005 
692.1637174437996 20.890255320850535 
234.25758149707866 755.7770234154447 
303.6128047137603 -936.7077532736477 
-208.75518985815745 726.9772721802332 
-745.7823926017428 -526.1892296057172 
951.1549826593313 43.40581613181671 
-717.3834077753322 1.5060864143503494 
828.0472532533689 -49.00451548877505 
-405.1029786086158 781.4683845640886 
721.6486103950455 -551.5314002004137 
-738.0736032524763 -919.1452505074478 
314.00075786791825 -672.9765951590567 
4.732729180374484 -890.8953570519009 
559.6813598866803 47.87315407644055 
523.4633807051085 316.31845601382634 
402.849468203714 917.6051075181371 
-446.40716048698994 -390.82485275560686 
633.1739643112118 -662.7234634828914 
-314.1373092922297 -604.7319534676172 
752.7044669973559 -555.8815561479815 
151.87714930179118 -966.881441032585 
812.7766231271343 55.390371975570396 
-640.4847901963768 -610.6870764393533 
-218.59879400360472 41.57278274033849 
34.97051698929865 -285.1435591154017 
-852.6970070226585 263.9480814578063 
-346.11986039182455 -393.14750150594 
-749.4003769555325 874.0934597260504 
-80.85990840037627 957.1020782619702 
938.2315558979213 374.2957310111401 
-280.70109366461395 -110.93908538953134 
-424.0641623516892 284.0182603984824 
