-151.2418395257753 439.4096382854402 
49.64088543461287 487.78062607539783 
101.32736638855432 810.163941688949 
-395.71100952240744 128.55657462388038 
386.6655675686594 -904.1577859976284 
525.5306172777745 968.4850365627098 
497.81788344048914 -296.51189805376976 
799.0271895333605 0.5599147840322782 
334.09720004612444 -467.7944685499995 
-18.491451429782035 149.75043432055645 
-908.7417858519626 972.2419567172531 
-504.1846589944696 349.3837050574256 
-419.2624094418693 246.82072286031254 
457.71536688732596 -18.1280859391213 
-44.0410844405148 90.71136777982059 
819.6014364159307 -339.0734118795995 
-437.8767291452943 975.1229420540582 
-963.9944056570091 -363.36644864806675 
645.0182254749806 314.6260803793861 
179.91630609881005 -153.70420707597486 
827.7114452291337 -395.02561028055163 
-111.44687058775582 -131.58554010021396 
-844.5117025795774 -165.90570467977983 
768.1420737308629 -253.61009042252292 
94.37420776391004 -520.0464085945897 
746.7121170118774 -236.67329463506425 
884.750856381374 49.59930000740687 
613.652045813204 827.6413259475707 
-997.0512526680631 -526.088395025964 
333.2871844814991 378.33384592690413 
877.2288458733448 477.89561935184264 
639.9742414416191 807.5535204914283 
972.5904697222247 712.5170506058184 
179.03248005604434 631.4974979119547 
35.18614940273657 -408.2420553078556 
-506.85753525651364 -200.22698235813374 
-207.22457820438666 871.7623408728987 
-378.4465492523352 630.7672324970006 
467.5802051196183 -432.93789217613556 
613.9118054406179 629.3969773808001 
593.0700831812634 757.0620654791649 
-566.9898300231995 171.18634302347746 
234.49658002173933 -193.87234093820948 
533.841948894546 222.25491003077113 
906.4794031906575 -140.2856504654546 
-401.26998468287843 80.07844117778973 
-405.1795699404537 -832.5890551031023 
931.9771999721243 212.21290491351152 
243.6482025841644 -555.5835260322012 
429.86078809779895 -901.4103759692014 
673.3072047765601 781.9893581921369 
561.4970340993051 69.92539101543893 
26.271927272086828 -871.6120028650794 
513.6805526351098 958.7582344555461 
-121.44559316308757 -997.6682311159548 
886.8650549637887 -529.174030472844 
-374.50736192132615 -742.1971272883832 
366.70636068405724 779.5770067731643 
503.8548645406873 387.21810070316695 
917.4881632290917 40.161074069577026 
256.01889962809366 -674.1823465240838 
-755.4943388564219 -378.35765930599206 
762.2934194051929 -701.5153233271944 
860.3399771567322 816.1499108926191 
-274.22130574473334 943.1655728804882 
737.5096984870881 -923.9361474559203 
-137.57277712016491 874.5451457766092 
-568.145198834942 -766.0464741873276 
792.6196137741337 -454.03348326589145 
113.81599564407252 -608.0263363313023 
-821.149722471594 632.2683564423619 
-412.288304759074 322.8604293089023 
440.00708127866295 355.95389197250074 
362.20639140964425 -146.89478345926844 
714.2033706831672 -991.456022515923 
-240.46195932519333 -85.1015925847991 
349.24450958153017 -889.0351728961514 
-791.3203421130166 774.9106694115264 
191.44865646510146 235.01275817489665 
594.2894449151792 102.5041422479156 
-494.1440254931677 780.9023020717078 
-330.9437324432603 -219.0412798747612 
74.01208988483444 -697.4366327848207 
-4.02038846122732 -275.0013640942961 
551.0137163169551 310.06412369568227 
-850.9818955712311 200.6238773461544 
728.0980795006346 923.2797946283067 
-4.019964603250825 -204.12147064302232 
-26.928192004618936 -641.3445004500915 
861.3628445816206 -126.21830589935912 
311.0813126969527 -895.4442441166541 
-223.14821679555587 -604.7957141912617 
-317.6955538497519 -921.1474280816092 
-593.6321678170016 -130.1282275496769 
529.6615628799104 -82.13612178174445 
-700.9960324248614 -489.21607415163135 
882.2664620628649 -675.9256244016965 
369.7357704290583 -660.3139071048482 
-272.3736896062014 126.64428452070409 
890.5184043739882 505.7418678590611 
963.2212637239829 -638.3189295802381 
202.3455470935711 -210.67093206952836 
384.05945085752677 -642.2482051498772 
372.0389275079801 -913.9515066440263 
67.4203431142002 816.407446604358 
-103.32542808927681 -216.41166403088775 
-439.2695837461009 619.417634884202 
976.6288584931204 -189.03249712411287 
888.5086271289096 108.55572521550094 
320.032520091049 643.4925645564515 
991.8058214895418 -191.68046707783427 
933.6410165713704 617.294092138958 
-207.49484771972425 38.74156802633833 
954.0183807728735 481.7122786427093 
-265.6731472999672 736.0007635860557 
-813.9947061938258 -968.9410535671157 
-597.4490925864609 911.0116559896071 
725.8089375366787 372.834782650638 
610.6924565617957 711.7974528710494 
-171.56479250264178 107.062142655034 
702.7570001338465 947.7549198187616 
263.41459846946844 921.8100491623355 
130.83578384241034 303.69237434310924 
-189.1267919926216 -418.34684690869415 
533.8516946557006 568.9119295244211 
735.12687119736 242.29322835793576 
605.7612599727737 -800.7062502271829 
512.8875964985411 397.61242124153864 
-761.308685430201 181.14551193851037 
660.2415743419563 419.8378404121228 
-469.1662026961358 -724.9432560894069 
776.3338234812176 -512.1505305887963 
-921.4671240700332 759.9423706239439 
-101.64597360773885 -736.121883646709 
-408.87213963844937 348.36696342098895 
443.21766336635716 68.20076521892938 
-220.79169690055232 -87.17234004799379 
-241.07904087965082 793.6274440182791 
-184.67213419777417 982.6505854587859 
-854.146854455931 -453.7615415349501 
73.80410495065081 499.41160564075824 
754.5539353751583 -180.54569407813003 
-341.96521881693707 274.402103652716 
494.30611096374633 612.2365555633049 
761.6208375951107 503.22413700150446 
199.08033090512168 800.1596525114425 
-35.757198924065925 983.4080856041226 
-744.9925721226762 643.0870552872241 
-121.76442975492319 865.1261559932309 
-960.5249760014951 898.7968631581927 
471.7476715157416 456.1332180724722 
-283.7883363178002 152.55692549097864 
405.18928735334805 957.3335498181108 
735.1038153014487 -21.620467629108298 
-283.4197133319858 307.91865878779356 
927.9926195370202 960.1856576128824 
665.6848908096216 652.8550144645444 
676.0488909715654 982.3676647286974 
504.7724293006326 -212.17245505218708 
-244.12317296365282 -608.2999750466407 
-132.43323390446315 573.8656013604077 
-892.6739780713846 525.4275781576749 
733.6908838451683 -534.0281449731224 
-157.58585643814916 243.1025111241425 
928.6195973619014 304.78442928852803 
330.0631364540449 900.7431946119079 
710.2004267230095 368.69361590600835 
-292.1080028667911 917.2175889137175 
-419.30879537038425 445.7588885360908 
898.9074699750377 -212.44557178142222 
101.48401271960394 236.58847964008456 
-784.3283730523402 -665.9395945596116 
804.7627409486194 265.88506458771974 
-158.29068621950793 -111.49446406053175 
-363.1604804668325 460.2891730034364 
324.43215637376534 -500.409486802444 
556.4289629972415 914.2991590502578 
-778.7383228149894 -75.89756939685887 
-894.9001729485966 109.27204216404051 
518.7976406662531 -543.426955883239 
-31.916577762707064 489.8316734994097 
427.22797148519874 879.7434694703796 
337.5006762519326 607.711492579528 
705.687457934858 47.828783709187526 
776.1834646532981 -320.9947968561491 
-244.21471985681808 -115.99351217629739 
-277.75543709849603 -399.03494457061385 
360.1576510527478 -333.31426320175007 
-186.75727507801355 -588.9369617966161 
465.56574011589726 -532.7012070216138 
920.8061244459637 -297.6160063576907 
673.0073602617201 162.25235932347505 
-75.7019744617744 990.3322755626351 
-494.33613307253665 214.7773080546449 
66.31631132032089 -617.4002837338153 
227.46210236216302 -627.9973233689849 
257.17930393707024 -241.52223480646717 
-829.6802305823865 946.4548708926606 
-734.4750435072325 260.07854126731655 
762.3444734686097 75.6157094842933 
234.10744772196756 332.0408535184278 
421.63216525533875 363.92534825060505 
646.1811140539231 -192.36302435909835 
-751.0419027027408 -629.4272188563001 
253.95266930776407 -260.6552003412419 
-745.4774119834875 904.0055654399233 
-850.400818277482 -105.41515280257663 
-376.148333426942 317.28029075844734 
-901.8261860593384 631.4341730353918 
-37.354674471935525 -361.592613261142 
479.4458304270968 -620.2379338758557 
-0.6579051379744794 -25.860815954427572 
579.0256086704351 -644.5989964804517 
-470.6247697374568 510.6496385605981 
67.9117803963798 966.1315189791572 
280.6998741446913 48.8654913183253 
992.3599454536798 414.6926788600518 
-356.2427601945108 -328.0261156493374 
-648.5478051495617 894.8782504892479 
-683.0425728836618 888.984296574012 
-265.4165764286367 995.9186802205662 
563.7121280115778 -728.5084355668636 
557.7660700668343 991.5652388165078 
-600.2994201225566 230.81647254585812 
-979.7055238235141 -931.0914248494096 
-858.3669226690853 -344.7963860493035 
925.0071649860574 551.3587275345784 
-500.83813394037094 62.38271373722925 
437.6964537224024 231.29752483400256 
-995.812496069641 155.05538182007905 
-160.66137548079018 677.2640564658383 
-694.8040842741718 -588.8024087858357 
-837.9195108675946 859.9765733614 
482.2450840927981 92.26243118759281 
-871.0294090587109 -866.9784837539321 
185.73174084740796 759.0341580681599 
-244.6664548570474 -642.6658840799844 
-938.9281972626416 312.81645794587456 
-604.1149479036332 997.002720766282 
89.03469640198836 -965.8927099652412 
-144.3049632858011 481.06383177029824 
770.2604568259701 414.985734006736 
127.49251764665259 674.7396754189863 
-954.1643343163005 -950.6485133404896 
-767.4863612681476 -543.8509603648112 
-2.5976697877423405 -846.5361682353057 
-30.138959238572795 -931.0098781722327 
168.56468341686391 594.3614963706534 
63.58763223873743 623.4291619446082 
-613.3982214851075 567.8467543105381 
70.95210499643012 296.82137510413776 
99.12554773143034 6.355305136637179 
-531.6509431653718 -724.6037740255271 
-275.6771150770363 -671.1970199343426 
723.9237905480702 781.3892879234445 
593.2717144062968 792.8584736952213 
-631.5085801378009 -193.98623615992406 
480.1659957119293 -936.4101659988202 
968.6933474285094 946.323599361953 
-924.8254312026456 -263.43568459708223 
974.4377969272643 523.8974387821012 
-959.428881253962 543.5601829753787 
740.2277622905109 -37.00966123014493 
-156.13781569811414 343.44567229459534 
260.9285522755762 -151.02935213736245 
280.3945211980934 -560.9182671521907 
32.105066305352146 973.161333791956 
987.4583409657711 -582.0127908259525 
976.765981102323 709.751672996674 
-318.248088877366 826.7967297958803 
312.69979071641643 626.1683625864913 
84.20194958020866 398.73090683795766 
-781.4034871732854 115.70869881200352 
687.3788060330274 590.1188598590892 
852.437162517023 42.162451696528436 
731.1211092813053 197.872521948107 
360.1503528257519 -553.9981768808107 
390.3087120219562 262.0306801207424 
167.62746041744148 87.22898386087175 
-890.7447593318371 556.7446064599748 
-301.06137673008624 53.2056021226206 
-382.8148984296298 -300.8315366236702 
640.4249286137731 -485.39829402186575 
49.19620007301817 -616.2151377993788 
-75.42420135963334 -942.625188500891 
-542.1084021501563 -841.4443371795861 
-39.76162165735286 -485.111300262379 
778.0145853263849 698.9509675519246 
-94.0159643909655 -367.16394856492406 
-726.7684629468864 869.4270848589878 
403.49003826503395 187.16917466708384 
-761.728884755459 142.3023810316506 
-764.4498423642001 988.3044997974986 
-544.68222050327 -581.7753360790637 
-166.06801646336277 -966.3547999705473 
-930.9688559896645 747.1580288188215 
-106.12163988173774 273.01712743140547 
-242.4595299111576 -321.81230643300074 
90.33776857198129 -434.2375579234221 
-25.316901477867802 -531.667338428053 
21.623686821440558 469.06866839467074 
-559.4887822230241 -919.2182831713998 
-953.091873470892 -571.0484833892214 
181.39018445738662 592.9029916765178 
843.4703147446796 132.2890365072873 
-963.4734035984409 -88.96512806921208 
-935.2351277356559 -896.0556304972669 
501.733536117033 130.6920777077507 
270.81349110566566 -92.1252895634852 
-781.5210520203981 -278.37441377239514 
799.3825616178383 28.117464853442353 
-705.3133082180178 613.0633246853545 
-354.6946171955314 -296.85042372151395 
982.0367269554946 -182.77397325867884 
-491.7611111186746 -923.7452907722161 
444.0828564531467 599.1464864790828 
-513.8285790581241 540.3453637056283 
-681.0109999377953 -578.2865096554286 
-846.0272069034271 -742.865574768561 
224.78227926593974 559.312619584958 
-63.36936902730761 343.2439512634977 
-189.41316232908378 805.1180496645192 
730.3394384576301 292.9216106408496 
-285.32636616058517 -763.1255532992241 
-108.72155866837052 550.9888379396801 
-532.054111880717 613.615430951369 
364.91345309861157 295.4571901953491 
-903.9531223240864 -99.56743273205704 
44.35748685492457 -808.6325703001871 
-424.1609336256387 898.9807472258407 
161.50204682507652 -239.9926094273652 
620.4767090378703 -208.46918200969844 
-195.30479304397818 532.9048546223876 
-147.95308711629173 -912.6862918361107 
-742.6044146829645 -985.9059620180109 
-682.8826893704834 -175.15446653191313 
-535.3474178607585 -968.3409951016108 
616.0585651278662 685.7174129043694 
638.7973913404165 390.92010619587046 
-248.55292266678597 -141.03923455493495 
756.9404689418803 -623.7999803881012 
721.2196841658435 -467.40367330834266 
521.1753296568933 -433.74300423810763 
911.3376421237602 -246.685288156415 
-203.4595052747108 -270.36163229952945 
-523.8523508396897 434.1084957336703 
951.7000940065597 239.5696934921594 
333.9356781781051 690.7210253423017 
276.1935729480285 99.25197028334321 
-725.2107308527064 -199.58015650151495 
-865.9568072497921 -205.12842860229497 
-59.495096344816645 234.8967437709366 
-427.67664975027577 158.57946543128486 
780.0787110971437 -742.3902637331752 
-628.592694421765 -376.8324758856867 
-70.37313729716077 349.36801306866363 
971.5221381747441 198.71042725894927 
567.6121780654344 -157.00932683322733 
515.268745046646 280.4797186167713 
494.06986075229753 306.5710871618046 
-685.421328318244 -325.97799291036836 
-961.7045882420987 157.18284678563688 
282.6268559852834 -168.61341831850706 
-197.40095946463333 -148.88146597165553 
-709.2124293507001 644.8736874726515 
29.507198483792465 217.93292387605544 
-582.6190803292051 624.483582467301 
55.62064997938765 471.818153140612 
152.2567573456608 203.44585684789297 
-841.4353321177001 221.95588108928544 
363.47350299711036 -391.58706128489905 
92.01671526622567 613.5166785483706 
393.9179523465841 -919.0238120141086 
590.9113042404035 661.9067307078545 
-929.4100233869526 450.81846348081723 
-277.59682237484486 326.8543943631133 
-48.84548327697824 476.84242073171765 
-269.9448838134888 849.8692123890361 
-164.22771609329945 599.9339385313891 
-115.93494125951497 -947.9118439575975 
918.0638721885595 -489.4864356208184 
36.068344515378655 257.660054353996 
47.87215272085032 -985.2933586746317 
386.4634851641129 504.17552557768744 
99.65931848852017 844.5765727900609 
755.7030602563435 856.431037206298 
-481.7262408801275 -619.7404722913456 
993.0734477145094 132.40043189204175 
475.3986362935194 938.3595294298634 
180.470373027219 -2.04916796077681 
-896.7684351048539 612.5209432986738 
614.7480984568703 -358.539813306753 
-998.5703280448816 294.00818098815427 
265.4393780795363 -87.81858554721312 
-120.3750882870691 160.83114834440448 
800.2120868300686 950.3338955804761 
516.6720157140335 602.2042265788108 
-823.3531383136944 308.25185563076894 
-56.03576493937168 927.4853795497633 
835.9674450403529 348.4069781375076 
-305.18858634228405 -475.33378190460616 
508.33590713504 -17.9020238886598 
-716.429569622272 -250.40789626849946 
215.3372557579456 820.3102853524746 
244.33213056120584 -353.62832933162423 
-256.1293904258088 -965.9687551271408 
650.5555776135394 -719.4844801423417 
826.9996109052729 -647.261646721917 
-145.447773209757 546.5319668299397 
-904.737059726313 780.4824337261091 
-509.7081108978438 -860.1928633311433 
587.4232098148202 281.1534058639147 
-128.26327296048868 315.61365132406326 
-449.5852004573846 212.33941101368248 
185.89235944318938 237.99537665068505 
-236.89564602449863 482.39611259514703 
297.38991808476857 165.43853319886347 
413.3173135403345 -731.278090428007 
365.0443146923281 -693.8033421445515 
802.7367611612825 -8.27632552886004 
-935.3837108895025 171.12420359307535 
-258.54117351584824 538.9179406591336 
-438.19633625939855 433.4033726052908 
643.7549684144288 -456.6203734379173 
910.9288636752782 -593.5035446366202 
-295.6441093524129 592.0225935262741 
339.2391159768571 818.8853976939043 
-956.6375772608803 688.5134002765383 
667.2086753983177 -839.4222457904721 
514.5834092319845 682.9430491201412 
-485.8876864916053 462.16805038234486 
836.9847072451893 -808.1858742642128 
-22.44207959193978 -828.6838400355208 
164.53186107877914 -704.0462392362907 
-742.7363815799599 -968.2406934394738 
780.7532604557388 -294.0398204978973 
-57.22681565269738 -97.56945712276632 
-426.25430778104567 423.74402153811184 
-985.9959669583232 -930.3060898374869 
-588.7625085631953 190.29899975165975 
995.2596942557053 -884.6452186421427 
-845.7090895058587 -876.4055824783056 
-666.8177681663387 -946.31515718259 
-19.002375094370414 -53.93286420814669 
-854.8809538371077 808.831964218752 
-247.67186356322622 168.426068785964 
377.9829110893007 -459.8454390863926 
-34.80822375910564 923.0797952926793 
577.584979914457 -860.5019823865127 
-746.5367218529426 947.5770478013854 
289.79723062205045 -36.40036266689162 
-340.43332719456384 -510.7504838660475 
819.6567353739271 40.851166519794816 
926.3819086339031 535.4063428093632 
487.4606379239035 276.93114237363227 
-638.8266173747838 357.3144594608102 
5.083644693832268 -590.5824988697779 
993.1889290842093 -934.9888307271277 
-477.5286819299023 881.531995943774 
494.3761723553441 586.3429901698929 
-593.3591209405508 228.45821882428052 
-639.6754299343523 657.3742911313041 
-457.4276331499059 -579.0054773193178 
330.1902332004032 134.53319508543782 
-375.46560692231856 276.8775471043376 
60.200138925984305 -212.30875723676013 
-831.5116440497916 -466.6078097486908 
257.13151611293773 615.3169475288391 
-692.5775115820538 633.5452787037287 
239.298554614078 290.2072580161832 
-746.984443448013 482.19681123987067 
325.69013306448215 0.2312577198775312 
27.728764834129336 -821.261061750675 
-81.49707497848335 -397.0755017056289 
-261.51437400945787 145.45127929647617 
456.0922014575479 198.49502552737565 
-413.21082290831913 -68.00879357542833 
191.7793773830583 512.2768727580731 
-780.7844664814472 586.5830423003582 
-313.18294098667775 -854.1371367124917 
-310.7272816260258 -905.3448176267964 
-851.4150322108565 19.079397177877322 
694.6786602756754 545.2698622328746 
748.7595313555333 963.7845059110634 
509.87075285076645 -295.3781301670062 
944.3214787669898 68.06531249116654 
662.9144048450814 739.9221072174327 
-501.4099355989392 780.1331714520095 
-333.0254198286873 -873.9482725665 
282.9894949266405 -457.9695341070973 
-535.1111632240863 -552.0596985255779 
382.19270487448466 -985.618297590388 
-241.7554148618839 -849.8966252157653 
312.4046425865026 -730.6600967592027 
-82.03659644222516 872.3839663101669 
902.0401908552856 -290.8783609761585 
-251.09045758816384 -370.94224750830085 
716.0600751919426 -482.822001894281 
-676.8971679095637 869.9899569648346 
-60.73757843385374 207.7082912339938 
726.9164065436287 -213.97889253506696 
826.7437240913717 952.2372447771239 
-209.9243242038802 -354.50391360953716 
931.7428922705311 558.588407199255 
-987.1016150965604 -994.9231967884652 
362.5828209957274 623.8305896465366 
-193.7744869029381 377.5063948603521 
-401.1724572303219 -758.2778192071897 
-596.2672534455511 891.0909101088105 
-119.82115806143989 -643.1043077922818 
-751.8390666269605 -8.034083295321404 
-608.7312504708791 -822.1479476258588 
-680.0796218354955 42.143167265424886 
-722.102750069019 187.36894322378572 
