0 575 1406 1067 1041 1431 1427 1456 1266 846 1323 317 571 293 885 
579 0 1289 1381 598 1380 1475 1056 867 307 1484 847 1119 304 1270 
1500 1314 0 1118 844 293 597 301 583 1097 885 1504 1348 1396 1248 
1053 1451 1106 0 1529 875 578 1292 1442 1463 294 891 621 1313 316 
1118 591 854 1397 0 1070 1212 615 294 315 1396 1301 1395 885 1476 
1418 1357 308 854 1055 0 319 602 850 1318 623 1432 1332 1481 1120 
1390 1463 573 601 1284 316 0 846 1129 1396 317 1313 1050 1457 872 
1404 1124 312 1244 589 607 871 0 312 875 1077 1524 1491 1237 1370 
1307 901 607 1341 303 893 1139 313 0 617 1328 1444 1456 1071 1517 
864 316 1059 1487 314 1297 1383 866 586 0 1478 1075 1295 621 1332 
1213 1442 870 312 1340 572 310 1046 1313 1458 0 1099 857 1420 617 
314 849 1434 876 1216 1362 1248 1493 1342 1074 1109 0 293 603 620 
585 1106 1417 600 1423 1246 1062 1434 1432 1310 898 316 0 879 317 
295 308 1414 1332 871 1501 1495 1219 1093 575 1389 616 886 0 1052 
879 1247 1274 305 1393 1116 878 1368 1426 1464 625 584 292 1047 0 
