-569.2679986230866 -407.34990578575747 
-699.9817523834878 5.054337754990673 
221.11321809629456 664.1603306304137 
5.054337754990629 699.9817523834878 
-211.49929638141364 667.2840831536198 
563.3262682381095 -415.5279960639541 
664.1603306304138 -221.11321809629453 
-221.11321809629464 -664.1603306304137 
-563.3262682381095 415.5279960639542 
415.5279960639542 563.3262682381095 
667.2840831536198 211.49929638141367 
699.9817523834878 -5.054337754990587 
-667.2840831536198 -211.49929638141361 
-664.1603306304137 221.1132180962946 
-5.054337754990716 -699.9817523834878 
-407.34990578575747 569.2679986230866 
407.3499057857576 -569.2679986230866 
569.2679986230866 407.3499057857576 
-415.5279960639543 -563.3262682381095 
211.49929638141356 -667.2840831536198 
