0 680 545 192 1378 1337 540 887 363 711 1300 978 1445 1083 1392 1339 1371 370 1204 835 176 1434 1184 1167 1015 
711 0 1114 529 1083 1406 192 177 380 1255 1398 1416 1209 1436 1376 886 1042 987 722 1388 828 1330 1502 531 375 
560 1117 0 686 1413 1154 1032 1293 835 177 990 534 1370 704 1270 1404 1488 186 1457 350 382 1290 843 1381 1312 
185 559 734 0 1458 1389 373 711 184 903 1364 1186 1434 1295 1426 1213 1280 534 1100 1047 377 1418 1378 1039 842 
1490 1114 1440 1410 0 678 1245 1001 1325 1437 851 1186 182 1081 554 369 177 1422 564 1351 1492 359 1009 697 898 
1411 1404 1141 1447 732 0 1450 1390 1437 983 178 729 538 549 178 1006 880 1254 1114 845 1281 373 349 1205 1386 
522 187 962 356 1259 1448 0 357 184 1114 1472 1374 1308 1457 1412 972 1139 863 849 1253 676 1457 1376 709 519 
904 187 1274 719 1035 1361 363 0 523 1311 1490 1420 1125 1512 1310 740 833 1156 552 1422 1035 1211 1419 379 182 
352 381 854 190 1283 1508 187 565 0 970 1505 1209 1417 1379 1428 1125 1242 697 966 1126 553 1502 1455 893 729 
688 1268 176 851 1388 1041 1094 1382 964 0 875 359 1385 535 1174 1406 1455 374 1424 181 526 1270 683 1507 1366 
1354 1418 1014 1414 850 178 1491 1461 1458 881 0 535 677 363 371 1106 983 1136 1197 723 1203 528 188 1279 1450 
970 1435 552 1142 1289 737 1326 1430 1276 378 539 0 1124 177 836 1363 1385 689 1386 176 828 1053 380 1477 1492 
1489 1220 1355 1453 184 551 1346 1145 1394 1371 697 1157 0 978 355 543 358 1386 719 1275 1419 176 897 851 969 
1087 1426 694 1216 1115 541 1420 1528 1333 552 355 191 1047 0 688 1330 1255 845 1409 371 986 897 180 1399 1494 
1382 1456 1279 1424 528 188 1438 1350 1486 1167 368 842 378 741 0 844 677 1351 1012 999 1388 176 515 1150 1289 
1291 826 1503 1203 349 1052 1047 716 1168 1456 1136 1338 548 1310 871 0 182 1376 184 1486 1350 717 1231 372 537 
1437 967 1402 1327 179 867 1110 855 1292 1453 997 1371 370 1267 728 179 0 1492 372 1361 1482 551 1158 523 677 
362 998 183 533 1400 1231 868 1146 691 350 1116 737 1397 835 1327 1382 1454 0 1416 533 190 1387 988 1371 1256 
1201 707 1438 1102 539 1123 867 529 1027 1489 1221 1443 697 1360 1052 181 362 1413 0 1410 1334 825 1380 177 371 
866 1352 352 1029 1292 834 1281 1392 1149 186 717 183 1191 364 963 1437 1340 515 1445 0 685 1137 531 1532 1492 
189 893 380 351 1450 1379 741 1023 544 519 1210 893 1422 1021 1352 1420 1503 178 1335 737 0 1508 1129 1282 1135 
1472 1346 1348 1415 365 365 1384 1246 1453 1281 539 1037 179 859 181 691 519 1341 839 1088 1495 0 737 1015 1129 
1258 1421 835 1301 1022 352 1440 1486 1395 708 177 379 840 187 519 1230 1135 1030 1309 520 1161 731 0 1386 1500 
1151 524 1413 1013 715 1249 683 349 865 1384 1296 1479 902 1394 1158 372 523 1275 185 1528 1294 1040 1332 0 176 
1002 366 1275 824 862 1362 559 185 721 1444 1458 1464 1017 1420 1230 556 730 1192 373 1422 1151 1093 1496 178 0 
