619.281110172383 -326.3294448615704 
171.8699064064473 -678.5725718534746 
-673.5960387396738 190.44258083270105 
259.8092752412006 649.999338844773 
-389.27428079521036 -581.777908064041 
-537.9006254500936 447.9541462475798 
-309.19730734642 628.0103702405904 
-692.8205775032629 -99.99823692468412 
-592.2501443391845 -373.1484510623285 
-118.98935765592542 -689.8126794751096 
-27.030965833197232 699.4778959238987 
698.4715881416322 -46.23246217654957 
656.8899831060204 241.85853322753 
433.0113022620632 -550.0011019200889 
501.72613233322755 488.12999102077373 
