0 1284 1483 767 1197 158 302 581 1457 1382 1138 621 939 303 1092 1326 1415 434 859 1376 1215 892 153 984 739 474 1140 1435 1492 1338 
1261 0 852 725 147 1191 1091 1443 937 454 310 870 1499 1335 1453 1133 1060 1432 1420 159 1284 623 1345 470 1482 946 1398 605 727 297 
1526 862 0 1356 944 1484 1471 1216 147 459 1128 1404 967 1410 861 467 294 1390 1132 722 589 1303 1405 1148 1170 1453 756 302 149 569 
763 756 1307 0 591 613 447 1134 1346 1068 433 147 1441 941 1457 1475 1412 1044 1283 866 1465 147 851 302 1258 295 1396 1241 1229 1020 
1233 156 941 589 0 1072 962 1458 1070 576 159 758 1460 1391 1426 1280 1156 1369 1417 303 1326 436 1234 301 1511 873 1426 730 847 453 
148 1219 1456 596 1094 0 147 739 1523 1460 996 439 1077 453 1230 1406 1445 590 947 1223 1358 726 310 871 887 292 1284 1495 1457 1289 
300 1133 1512 451 970 156 0 877 1491 1322 901 304 1226 610 1324 1499 1411 763 1093 1143 1448 586 469 711 1007 160 1299 1381 1462 1282 
622 1428 1319 1208 1449 725 832 0 1178 1479 1424 1134 439 315 624 969 1142 157 318 1438 837 1282 444 1378 158 948 712 1338 1380 1518 
1461 1009 151 1367 1067 1447 1426 1199 0 619 1156 1471 865 1361 733 304 159 1306 937 833 468 1369 1333 1216 1137 1438 614 439 318 763 
1380 456 455 1070 601 1448 1395 1431 624 0 730 1192 1278 1477 1236 826 757 1414 1370 292 970 1015 1415 856 1337 1294 1058 156 296 152 
1043 317 1041 450 155 963 881 1436 1165 731 0 571 1406 1265 1437 1366 1331 1340 1444 462 1386 300 1166 148 1410 721 1459 835 979 599 
625 873 1449 159 764 470 292 1112 1391 1242 573 0 1382 879 1382 1514 1433 1029 1216 939 1459 306 746 447 1207 147 1384 1260 1287 1072 
985 1483 984 1388 1505 1072 1241 449 898 1306 1497 1312 0 769 156 605 748 588 150 1453 449 1477 866 1482 311 1233 306 1145 1117 1403 
302 1403 1350 1030 1300 447 598 294 1291 1411 1317 869 767 0 882 1245 1253 159 609 1398 1041 1130 152 1184 445 762 1003 1413 1495 1433 
1071 1374 858 1487 1402 1179 1236 575 722 1207 1432 1453 156 879 0 446 588 718 300 1322 309 1508 945 1458 458 1400 155 1056 996 1269 
1303 1215 456 1404 1238 1358 1431 975 313 884 1321 1416 577 1234 445 0 160 1117 712 1125 159 1459 1272 1441 827 1418 303 705 601 1003 
1331 1123 315 1388 1239 1423 1449 1079 158 704 1248 1460 757 1279 581 156 0 1242 870 941 308 1459 1285 1398 1013 1504 460 611 437 827 
437 1393 1405 1096 1416 607 765 153 1219 1427 1365 982 612 147 761 1125 1155 0 435 1439 999 1170 314 1321 315 860 842 1373 1464 1513 
836 1507 1050 1397 1503 984 1129 307 1026 1310 1516 1245 158 612 296 714 847 450 0 1481 603 1395 742 1401 157 1232 458 1268 1182 1431 
1382 151 703 864 308 1293 1223 1510 856 292 444 944 1390 1455 1289 1051 962 1502 1408 0 1229 744 1334 620 1407 1072 1219 462 585 151 
1270 1331 586 1499 1311 1346 1453 867 453 999 1454 1444 457 1079 297 156 315 957 606 1200 0 1473 1182 1469 735 1389 146 857 754 1085 
902 610 1308 152 464 714 582 1318 1308 944 310 313 1440 1067 1444 1389 1448 1188 1442 765 1477 0 1011 152 1351 441 1495 1111 1198 861 
157 1302 1463 828 1325 315 470 441 1417 1418 1225 741 838 153 942 1292 1301 319 760 1380 1152 1001 0 1054 582 578 1089 1531 1451 1412 
991 460 1161 295 292 854 750 1381 1303 887 154 471 1462 1214 1512 1367 1391 1280 1393 571 1383 148 1120 0 1442 596 1407 960 1057 761 
753 1484 1180 1302 1433 842 1014 150 1079 1442 1417 1229 313 441 461 844 1021 304 155 1432 756 1324 600 1359 0 1087 611 1377 1303 1499 
467 978 1498 309 870 295 151 971 1480 1300 736 147 1219 733 1353 1452 1438 868 1207 1143 1370 444 596 615 1083 0 1371 1318 1371 1193 
1154 1314 743 1412 1439 1260 1398 760 584 1043 1496 1486 313 1012 147 306 465 826 468 1226 150 1431 1134 1474 596 1370 0 937 894 1207 
1504 611 299 1230 752 1421 1422 1463 446 146 892 1221 1151 1510 1056 710 607 1484 1309 473 882 1126 1436 1029 1406 1385 974 0 154 312 
1421 766 147 1257 885 1460 1409 1294 315 294 943 1396 1109 1480 962 622 451 1353 1134 618 767 1239 1473 1100 1232 1419 858 149 0 442 
1373 317 614 990 461 1307 1273 1411 710 151 599 1104 1316 1414 1246 1007 879 1440 1373 151 1110 900 1400 743 1415 1237 1154 304 433 0 
