0 462 1375 1338 1218 1170 1297 435 867 1450 1421 1339 226 640 636 1014 1065 1498 230 858 
474 0 1191 1043 840 1394 1464 839 464 1354 1509 1440 238 222 1043 677 1308 1387 643 1222 
1428 1200 0 221 474 1150 1000 1470 865 227 660 838 1310 1038 1510 666 1345 449 1513 1346 
1361 1072 230 0 237 1320 1231 1446 687 470 899 1002 1237 843 1415 434 1390 666 1398 1433 
1225 872 453 226 0 1399 1303 1357 448 643 1065 1139 1033 651 1385 239 1400 834 1261 1479 
1135 1406 1221 1301 1349 0 224 831 1518 1051 641 450 1343 1466 644 1430 240 878 1050 453 
1300 1453 995 1170 1347 223 0 1085 1420 899 455 224 1382 1453 823 1332 453 645 1193 681 
439 848 1529 1470 1440 878 1048 0 1242 1394 1335 1148 649 1011 228 1313 664 1355 236 434 
890 464 850 678 459 1477 1509 1242 0 1055 1259 1409 646 234 1312 239 1432 1245 1086 1456 
1403 1355 220 442 650 1029 846 1382 1030 0 434 659 1333 1194 1363 860 1231 225 1470 1325 
1461 1494 635 863 1021 692 469 1323 1368 475 0 227 1503 1458 1209 1161 876 225 1451 1070 
1359 1407 890 1023 1152 433 235 1170 1412 689 229 0 1513 1420 1071 1360 641 455 1280 825 
236 239 1285 1241 1071 1330 1447 690 653 1336 1495 1494 0 474 868 845 1158 1491 459 1000 
648 224 1088 851 675 1449 1410 1015 223 1169 1438 1416 456 0 1144 441 1383 1355 870 1339 
690 1026 1460 1429 1460 663 875 221 1341 1409 1170 1009 843 1240 0 1344 432 1368 470 227 
1076 682 679 436 230 1437 1371 1332 233 900 1170 1308 868 436 1365 0 1454 1053 1133 1477 
1010 1261 1253 1399 1505 225 449 638 1456 1164 859 697 1206 1394 441 1481 0 1073 853 233 
1421 1352 475 658 881 875 661 1365 1140 222 225 447 1418 1284 1355 1073 990 0 1386 1170 
229 639 1468 1410 1283 1048 1196 220 1007 1538 1388 1291 471 890 440 1243 869 1398 0 637 
837 1206 1422 1443 1420 471 667 456 1331 1250 993 855 1069 1371 225 1510 228 1192 657 0 
