200.92839638860852 -670.54289909349 
673.8209136088911 -189.64539641994813 
-312.54770365009267 -626.3496890260694 
361.37309924933993 -599.5077006502308 
60.02480647531343 697.4216963986718 
-556.6897144474856 424.3778526600757 
605.4886983008709 -351.2597845326405 
699.8144827748931 -16.11489058321098 
499.1114012469438 -490.8032285400253 
-458.4952762945366 -528.9443086144292 
-644.7387636806383 272.6021397706959 
-656.6033374556521 -242.63564709683328 
-115.30270618171414 690.438473686956 
-696.3159678990878 -71.72219216362863 
-433.6618030940428 549.4883443142571 
388.58560352096885 582.2381203049525 
231.58073978570093 660.58334898808 
-146.96160931526603 -684.3992149231815 
521.1742046691329 467.3087292010462 
-575.6339045017219 -398.3034119714549 
27.8586234198302 -699.4454211024274 
-283.3853257556543 640.072462418406 
-692.2765052084299 103.69783187898817 
621.0155137932888 323.016612000153 
681.8361342505166 158.4281730952911 
