-79.2249497808473 695.5022698253559 
-562.7101591680764 -416.3619540364348 
222.0967474333686 -663.8320832707007 
-641.9351089489203 279.14031578891974 
-636.9801099546929 -290.2694257446129 
-222.09674743337084 663.8320832706999 
-355.26185148462014 603.1492492573623 
463.8470742428879 524.2574670105452 
355.26185148461866 -603.1492492573632 
-210.51066547611367 -667.5966295007815 
-683.410973366601 -151.49073068051058 
-569.8707516141031 406.5062440538609 
683.4109733666006 151.49073068051248 
210.51066547610887 667.596629500783 
699.9734978726983 6.0911637524935855 
569.8707516141028 -406.50624405386134 
472.90030789049 -516.105898820271 
344.71164638807784 609.2404130098566 
636.9801099546919 290.2694257446152 
-463.8470742428907 -524.2574670105427 
641.9351089489203 -279.1403157889197 
-685.943821676258 139.57461626015652 
67.1093583405874 696.7756697984759 
-699.9734978726983 -6.091163752492258 
562.7101591680744 416.36195403643734 
-472.90030789049086 516.1058988202701 
685.9438216762582 -139.57461626015584 
-67.10935834059306 -696.7756697984753 
79.22494978084104 -695.5022698253566 
-344.7116463880817 -609.2404130098545 
